  Time  Coordinate0  Coordinate1  Displacement0  Displacement1  Force0  Force1
 0.00000000e+00   0.00000000e+00   1.00000000e+00   0.00000000e+00   0.00000000e+00   2.29427968e+00  -3.02282515e-14
 5.00000000e-02   0.00000000e+00   1.00000000e+00   3.54938553e-03   1.29570636e-04   8.87743742e-01   2.63730272e+00
 1.00000000e-01   0.00000000e+00   1.00000000e+00   1.14769100e-02   1.43263806e-04   7.51015435e-01   2.18089782e+00
 1.50000000e-01   0.00000000e+00   1.00000000e+00   2.67015181e-02   5.37541527e-05   7.49207576e-01   1.99298171e+00
 2.00000000e-01   0.00000000e+00   1.00000000e+00   4.36161954e-02   1.54194799e-04   7.75564762e-01   1.89060623e+00
 2.50000000e-01   0.00000000e+00   1.00000000e+00   6.23898126e-02   6.64818917e-06   8.16697398e-01   1.81391276e+00
 3.00000000e-01   0.00000000e+00   1.00000000e+00   7.93393480e-02   1.61326577e-04   8.40671813e-01   1.75989435e+00
 3.50000000e-01   0.00000000e+00   1.00000000e+00   9.78748834e-02  -1.77759946e-05   8.70734083e-01   1.71339565e+00
 4.00000000e-01   0.00000000e+00   1.00000000e+00   1.17413484e-01   1.56113820e-04   9.15457222e-01   1.68044671e+00
 4.50000000e-01   0.00000000e+00   1.00000000e+00   1.37725281e-01  -2.23908879e-05   9.77049237e-01   1.65219775e+00
 5.00000000e-01   0.00000000e+00   1.00000000e+00   1.55580909e-01   1.33922615e-04   1.03800610e+00   1.63396242e+00
 5.50000000e-01   0.00000000e+00   1.00000000e+00   1.68736536e-01  -6.52674902e-06   1.07027211e+00   1.62302053e+00
 6.00000000e-01   0.00000000e+00   1.00000000e+00   1.78845399e-01   1.00678216e-04   1.09475286e+00   1.62017344e+00
 6.50000000e-01   0.00000000e+00   1.00000000e+00   1.86022724e-01   2.49275655e-05   1.10965919e+00   1.62302723e+00
 7.00000000e-01   0.00000000e+00   1.00000000e+00   1.92770843e-01   5.90869679e-05   1.14788490e+00   1.62498947e+00
 7.50000000e-01   0.00000000e+00   1.00000000e+00   1.94650366e-01   6.29218533e-05   1.16598221e+00   1.63206382e+00
 8.00000000e-01   0.00000000e+00   1.00000000e+00   1.92688425e-01   1.93887627e-05   1.17401958e+00   1.63830786e+00
 8.50000000e-01   0.00000000e+00   1.00000000e+00   1.83917297e-01   1.03601564e-04   1.13898294e+00   1.65611602e+00
 9.00000000e-01   0.00000000e+00   1.00000000e+00   1.73795342e-01  -8.86683104e-06   1.10874317e+00   1.66920199e+00
 9.50000000e-01   0.00000000e+00   1.00000000e+00   1.61068196e-01   1.36120805e-04   1.07316142e+00   1.68877989e+00
 1.00000000e+00   0.00000000e+00   1.00000000e+00   1.48486400e-01  -2.34401030e-05   1.05259556e+00   1.69766035e+00
 1.05000000e+00   0.00000000e+00   1.00000000e+00   1.31956967e-01   1.53199154e-04   1.01396620e+00   1.71529520e+00
 1.10000000e+00   0.00000000e+00   1.00000000e+00   1.13302216e-01  -1.78863508e-05   9.62669638e-01   1.72797152e+00
 1.15000000e+00   0.00000000e+00   1.00000000e+00   9.28093313e-02   1.56425223e-04   9.02239663e-01   1.74645192e+00
 1.20000000e+00   0.00000000e+00   1.00000000e+00   7.42134814e-02   7.54735195e-06   8.50658662e-01   1.75481003e+00
 1.25000000e+00   0.00000000e+00   1.00000000e+00   5.82432548e-02   1.41656687e-04   8.16432489e-01   1.75809645e+00
 1.30000000e+00   0.00000000e+00   1.00000000e+00   4.36300957e-02   4.39699391e-05   7.86699286e-01   1.75639907e+00
 1.35000000e+00   0.00000000e+00   1.00000000e+00   3.01072618e-02   1.12782233e-04   7.59497986e-01   1.75182949e+00
 1.40000000e+00   0.00000000e+00   1.00000000e+00   1.68512204e-02   8.86097610e-05   7.24532581e-01   1.74982797e+00
 1.45000000e+00   0.00000000e+00   1.00000000e+00   8.24327201e-03   7.90023058e-05   6.98142929e-01   1.73760265e+00
 1.50000000e+00   0.00000000e+00   1.00000000e+00   3.46630539e-03   1.30201567e-04   6.80496540e-01   1.72597963e+00
 1.55000000e+00   0.00000000e+00   1.00000000e+00   4.69797999e-03   4.24259660e-05   6.79737707e-01   1.70248286e+00
 1.60000000e+00   0.00000000e+00   1.00000000e+00   6.86729945e-03   1.58805017e-04   6.82065282e-01   1.68730483e+00
 1.65000000e+00   0.00000000e+00   1.00000000e+00   1.20918724e-02   1.39834556e-05   6.85091592e-01   1.66630114e+00
 1.70000000e+00   0.00000000e+00   1.00000000e+00   1.84205555e-02   1.73282212e-04   6.84871857e-01   1.65479452e+00
 1.75000000e+00   0.00000000e+00   1.00000000e+00   3.03429550e-02  -8.25230207e-07   6.96626690e-01   1.63565918e+00
 1.80000000e+00   0.00000000e+00   1.00000000e+00   4.50931888e-02   1.66552182e-04   7.24279248e-01   1.62240927e+00
 1.85000000e+00   0.00000000e+00   1.00000000e+00   6.24910033e-02  -1.36564094e-06   7.65993217e-01   1.60561925e+00
 1.90000000e+00   0.00000000e+00   1.00000000e+00   7.85995141e-02   1.42140736e-04   8.03653227e-01   1.59691616e+00
 1.95000000e+00   0.00000000e+00   1.00000000e+00   9.42454923e-02   1.58511799e-05   8.33107064e-01   1.59013504e+00
 2.00000000e+00   0.00000000e+00   1.00000000e+00   1.10358802e-01   1.05414264e-04   8.67599038e-01   1.58803831e+00
 2.05000000e+00   0.00000000e+00   1.00000000e+00   1.27329532e-01   4.35383068e-05   9.13670927e-01   1.58648557e+00
 2.10000000e+00   0.00000000e+00   1.00000000e+00   1.44326101e-01   6.05055061e-05   9.76266081e-01   1.58487723e+00
 2.15000000e+00   0.00000000e+00   1.00000000e+00   1.57346176e-01   7.63110431e-05   1.02102141e+00   1.58744748e+00
 2.20000000e+00   0.00000000e+00   1.00000000e+00   1.67212044e-01   1.86863365e-05   1.05350263e+00   1.59105421e+00
 2.25000000e+00   0.00000000e+00   1.00000000e+00   1.72733737e-01   1.08476863e-04   1.06152069e+00   1.60245608e+00
 2.30000000e+00   0.00000000e+00   1.00000000e+00   1.78186521e-01  -1.30629327e-05   1.08567256e+00   1.60936332e+00
 2.35000000e+00   0.00000000e+00   1.00000000e+00   1.80485230e-01   1.30865935e-04   1.10421767e+00   1.62156255e+00
 2.40000000e+00   0.00000000e+00   1.00000000e+00   1.80724425e-01  -2.95616750e-05   1.12538651e+00   1.62759125e+00
 2.45000000e+00   0.00000000e+00   1.00000000e+00   1.74573135e-01   1.40205760e-04   1.10958516e+00   1.64428639e+00
 2.50000000e+00   0.00000000e+00   1.00000000e+00   1.65690650e-01  -2.51046940e-05   1.08195747e+00   1.65739831e+00
 2.55000000e+00   0.00000000e+00   1.00000000e+00   1.53885918e-01   1.35716658e-04   1.04391363e+00   1.67777398e+00
 2.60000000e+00   0.00000000e+00   1.00000000e+00   1.42643640e-01  -1.99569456e-06   1.02023716e+00   1.68856190e+00
 2.65000000e+00   0.00000000e+00   1.00000000e+00   1.29629196e-01   1.16332184e-04   9.95986232e-01   1.70212491e+00
 2.70000000e+00   0.00000000e+00   1.00000000e+00   1.14573719e-01   3.49540438e-05   9.61217120e-01   1.71279672e+00
 2.75000000e+00   0.00000000e+00   1.00000000e+00   9.72067010e-02   8.89764644e-05   9.13212282e-01   1.72675015e+00
 2.80000000e+00   0.00000000e+00   1.00000000e+00   7.96299881e-02   8.11915981e-05   8.60837271e-01   1.73894081e+00
 2.85000000e+00   0.00000000e+00   1.00000000e+00   6.48236218e-02   5.91727567e-05   8.23805244e-01   1.74242105e+00
 2.90000000e+00   0.00000000e+00   1.00000000e+00   5.18567973e-02   1.24062391e-04   7.95579736e-01   1.74374327e+00
 2.95000000e+00   0.00000000e+00   1.00000000e+00   4.11970749e-02   3.09404250e-05   7.76743916e-01   1.73615247e+00
 3.00000000e+00   0.00000000e+00   1.00000000e+00   2.98073258e-02   1.56778021e-04   7.49331217e-01   1.73558517e+00
 3.05000000e+00   0.00000000e+00   1.00000000e+00   2.13919504e-02   1.41292756e-05   7.24090190e-01   1.72534068e+00
 3.10000000e+00   0.00000000e+00   1.00000000e+00   1.53573295e-02   1.74302640e-04   7.02180641e-01   1.71949348e+00
 3.15000000e+00   0.00000000e+00   1.00000000e+00   1.55015302e-02   8.89836630e-06   6.96177586e-01   1.69990461e+00
 3.20000000e+00   0.00000000e+00   1.00000000e+00   1.77296482e-02   1.69350896e-04   6.99448855e-01   1.68635881e+00
 3.25000000e+00   0.00000000e+00   1.00000000e+00   2.28526892e-02   1.66386929e-05   7.07421942e-01   1.66660805e+00
 3.30000000e+00   0.00000000e+00   1.00000000e+00   2.80254548e-02   1.47529458e-04   7.09878253e-01   1.65585517e+00
 3.35000000e+00   0.00000000e+00   1.00000000e+00   3.66887556e-02   3.83775523e-05   7.15611195e-01   1.64112460e+00
 3.40000000e+00   0.00000000e+00   1.00000000e+00   4.83725890e-02   1.11525730e-04   7.32881134e-01   1.62973027e+00
 3.45000000e+00   0.00000000e+00   1.00000000e+00   6.33464833e-02   6.56164250e-05   7.66664592e-01   1.61600783e+00
 3.50000000e+00   0.00000000e+00   1.00000000e+00   7.86774849e-02   6.75919184e-05   8.07205480e-01   1.60519552e+00
 3.55000000e+00   0.00000000e+00   1.00000000e+00   9.26486964e-02   9.52715406e-05   8.38584801e-01   1.59902801e+00
 3.60000000e+00   0.00000000e+00   1.00000000e+00   1.06252678e-01   2.71626856e-05   8.66646599e-01   1.59509266e+00
 3.65000000e+00   0.00000000e+00   1.00000000e+00   1.19657258e-01   1.20922225e-04   8.95431316e-01   1.59603800e+00
 3.70000000e+00   0.00000000e+00   1.00000000e+00   1.34585692e-01  -4.79723917e-06   9.44577862e-01   1.59343993e+00
 3.75000000e+00   0.00000000e+00   1.00000000e+00   1.47042491e-01   1.34850750e-04   9.89563065e-01   1.59628133e+00
 3.80000000e+00   0.00000000e+00   1.00000000e+00   1.57290347e-01  -2.17465423e-05   1.02988736e+00   1.59656558e+00
 3.85000000e+00   0.00000000e+00   1.00000000e+00   1.62338538e-01   1.36638329e-04   1.03938446e+00   1.60659768e+00
 3.90000000e+00   0.00000000e+00   1.00000000e+00   1.66437499e-01  -1.92362797e-05   1.05147865e+00   1.61301964e+00
 3.95000000e+00   0.00000000e+00   1.00000000e+00   1.68077132e-01   1.24267591e-04   1.05956492e+00   1.62542068e+00
 4.00000000e+00   0.00000000e+00   1.00000000e+00   1.69246780e-01  -6.42613426e-07   1.08090962e+00   1.63094063e+00
 4.05000000e+00   0.00000000e+00   1.00000000e+00   1.65737438e-01   9.95482863e-05   1.08130751e+00   1.64315354e+00
 4.10000000e+00   0.00000000e+00   1.00000000e+00   1.58852359e-01   3.22296656e-05   1.06480186e+00   1.65426842e+00
 4.15000000e+00   0.00000000e+00   1.00000000e+00   1.48343839e-01   7.01776339e-05   1.02898322e+00   1.67142222e+00
 4.20000000e+00   0.00000000e+00   1.00000000e+00   1.37517005e-01   7.29132540e-05   9.98099152e-01   1.68480744e+00
 4.25000000e+00   0.00000000e+00   1.00000000e+00   1.26551497e-01   4.00561826e-05   9.76093891e-01   1.69529847e+00
 4.30000000e+00   0.00000000e+00   1.00000000e+00   1.14441883e-01   1.11241966e-04   9.52873692e-01   1.70498720e+00
 4.35000000e+00   0.00000000e+00   1.00000000e+00   1.00645269e-01   1.62761093e-05   9.20895781e-01   1.71287326e+00
 4.40000000e+00   0.00000000e+00   1.00000000e+00   8.48545024e-02   1.42725384e-04   8.74287500e-01   1.72589073e+00
 4.45000000e+00   0.00000000e+00   1.00000000e+00   7.09004857e-02   5.98769664e-06   8.35047693e-01   1.72970203e+00
 4.50000000e+00   0.00000000e+00   1.00000000e+00   5.85168016e-02   1.59840621e-04   8.03267610e-01   1.73448942e+00
 4.55000000e+00   0.00000000e+00   1.00000000e+00   4.97013354e-02   7.71336003e-06   7.87627194e-01   1.72630235e+00
 4.60000000e+00   0.00000000e+00   1.00000000e+00   4.05098166e-02   1.58054709e-04   7.68452609e-01   1.72492581e+00
 4.65000000e+00   0.00000000e+00   1.00000000e+00   3.32197032e-02   2.38191504e-05   7.49106022e-01   1.71545752e+00
 4.70000000e+00   0.00000000e+00   1.00000000e+00   2.66341187e-02   1.41757173e-04   7.25819310e-01   1.71233351e+00
 4.75000000e+00   0.00000000e+00   1.00000000e+00   2.51631362e-02   5.09907198e-05   7.14135578e-01   1.69817394e+00
 4.80000000e+00   0.00000000e+00   1.00000000e+00   2.66788606e-02   1.10876714e-04   7.13584784e-01   1.68629206e+00
 4.85000000e+00   0.00000000e+00   1.00000000e+00   3.15992929e-02   8.07262553e-05   7.23863808e-01   1.66896304e+00
 4.90000000e+00   0.00000000e+00   1.00000000e+00   3.67150458e-02   7.32444543e-05   7.31423876e-01   1.65687069e+00
 4.95000000e+00   0.00000000e+00   1.00000000e+00   4.33293007e-02   1.11010861e-04   7.36532071e-01   1.64552930e+00
 5.00000000e+00   0.00000000e+00   1.00000000e+00   5.22239762e-02   3.82123805e-05   7.45853457e-01   1.63523429e+00