  Time  Coordinate0  Coordinate1  Displacement0  Displacement1  Force0  Force1
 0.00000000e+00   0.00000000e+00   1.00000000e+00   0.00000000e+00   0.00000000e+00   2.29427968e+00  -3.02282515e-14
 1.00000000e-01   0.00000000e+00   1.00000000e+00   1.28800691e-02   1.23153157e-04   7.47217142e-01   2.20427699e+00
 2.00000000e-01   0.00000000e+00   1.00000000e+00   5.24321323e-02   9.54855602e-05   7.98052259e-01   1.92736048e+00
 3.00000000e-01   0.00000000e+00   1.00000000e+00   9.26273739e-02   7.78522311e-05   8.79901919e-01   1.78936696e+00
 4.00000000e-01   0.00000000e+00   1.00000000e+00   1.30503585e-01   6.47017821e-05   9.49276351e-01   1.70599193e+00
 5.00000000e-01   0.00000000e+00   1.00000000e+00   1.71530779e-01   5.26086182e-05   1.10539878e+00   1.66850401e+00
 6.00000000e-01   0.00000000e+00   1.00000000e+00   1.90911619e-01   4.69198277e-05   1.13879826e+00   1.63379443e+00
 7.00000000e-01   0.00000000e+00   1.00000000e+00   1.99666637e-01   4.43719001e-05   1.17122545e+00   1.63406964e+00
 8.00000000e-01   0.00000000e+00   1.00000000e+00   1.96777806e-01   4.47844996e-05   1.20152081e+00   1.64143273e+00
 9.00000000e-01   0.00000000e+00   1.00000000e+00   1.69185586e-01   5.30187682e-05   1.09253680e+00   1.65929233e+00
 1.00000000e+00   0.00000000e+00   1.00000000e+00   1.39475508e-01   6.07518550e-05   1.02934232e+00   1.69151107e+00
 1.10000000e+00   0.00000000e+00   1.00000000e+00   1.01686085e-01   7.04644417e-05   9.40843598e-01   1.71781217e+00
 1.20000000e+00   0.00000000e+00   1.00000000e+00   5.76722725e-02   8.50947086e-05   8.18295445e-01   1.74480461e+00
 1.30000000e+00   0.00000000e+00   1.00000000e+00   2.99445717e-02   9.31624567e-05   7.65556765e-01   1.75316998e+00
 1.40000000e+00   0.00000000e+00   1.00000000e+00   5.39367980e-03   1.00819407e-04   7.09750056e-01   1.74103455e+00
 1.50000000e+00   0.00000000e+00   1.00000000e+00  -5.33250069e-03   1.03721982e-04   6.67075912e-01   1.72272274e+00
 1.60000000e+00   0.00000000e+00   1.00000000e+00   6.77958502e-03   9.74464743e-05   6.78607935e-01   1.69591488e+00
 1.70000000e+00   0.00000000e+00   1.00000000e+00   2.21757541e-02   9.19261272e-05   6.84590861e-01   1.65776488e+00
 1.80000000e+00   0.00000000e+00   1.00000000e+00   5.39693116e-02   8.09390314e-05   7.36274280e-01   1.64000863e+00
 1.90000000e+00   0.00000000e+00   1.00000000e+00   9.35605280e-02   6.76157172e-05   8.44935396e-01   1.62111720e+00
 2.00000000e+00   0.00000000e+00   1.00000000e+00   1.24008325e-01   5.95300287e-05   8.99550874e-01   1.60285971e+00
 2.10000000e+00   0.00000000e+00   1.00000000e+00   1.58948559e-01   5.20953966e-05   1.02822788e+00   1.61070840e+00
 2.20000000e+00   0.00000000e+00   1.00000000e+00   1.79685230e-01   4.83527183e-05   1.10375386e+00   1.60634592e+00
 2.30000000e+00   0.00000000e+00   1.00000000e+00   1.83326862e-01   5.01807743e-05   1.09848934e+00   1.61367582e+00
 2.40000000e+00   0.00000000e+00   1.00000000e+00   1.82976811e-01   5.16582836e-05   1.14357438e+00   1.63318753e+00
 2.50000000e+00   0.00000000e+00   1.00000000e+00   1.60926655e-01   5.94856594e-05   1.07002467e+00   1.65002018e+00
 2.60000000e+00   0.00000000e+00   1.00000000e+00   1.31441065e-01   6.83234907e-05   9.85587084e-01   1.68144057e+00
 2.70000000e+00   0.00000000e+00   1.00000000e+00   1.02675860e-01   7.42654113e-05   9.37052205e-01   1.70542349e+00
 2.80000000e+00   0.00000000e+00   1.00000000e+00   6.36811181e-02   8.56569368e-05   8.26644798e-01   1.72590204e+00
 2.90000000e+00   0.00000000e+00   1.00000000e+00   3.73535380e-02   9.20027346e-05   7.67505354e-01   1.73674714e+00
 3.00000000e+00   0.00000000e+00   1.00000000e+00   2.02036289e-02   9.44091005e-05   7.33650254e-01   1.72700862e+00
 3.10000000e+00   0.00000000e+00   1.00000000e+00   7.58326094e-03   9.70115238e-05   6.87731111e-01   1.70896768e+00
 3.20000000e+00   0.00000000e+00   1.00000000e+00   1.79690686e-02   9.01586564e-05   6.96192951e-01   1.69069616e+00
 3.30000000e+00   0.00000000e+00   1.00000000e+00   3.41407066e-02   8.33260465e-05   7.17647837e-01   1.65828017e+00
 3.40000000e+00   0.00000000e+00   1.00000000e+00   5.72428877e-02   7.62066746e-05   7.44100128e-01   1.63746518e+00
 3.50000000e+00   0.00000000e+00   1.00000000e+00   9.39017255e-02   6.53698632e-05   8.50621947e-01   1.62779069e+00
 3.60000000e+00   0.00000000e+00   1.00000000e+00   1.20938206e-01   6.03573252e-05   9.06097433e-01   1.60815350e+00
 3.70000000e+00   0.00000000e+00   1.00000000e+00   1.47565107e-01   5.67346335e-05   9.83129808e-01   1.61144357e+00
 3.80000000e+00   0.00000000e+00   1.00000000e+00   1.69627374e-01   5.30425310e-05   1.08287505e+00   1.61475613e+00
 3.90000000e+00   0.00000000e+00   1.00000000e+00   1.71042105e-01   5.61519559e-05   1.06365445e+00   1.61628258e+00
 4.00000000e+00   0.00000000e+00   1.00000000e+00   1.69327983e-01   5.83890952e-05   1.08516516e+00   1.63645786e+00
 4.10000000e+00   0.00000000e+00   1.00000000e+00   1.54350118e-01   6.30252366e-05   1.05835983e+00   1.65160606e+00
 4.20000000e+00   0.00000000e+00   1.00000000e+00   1.25296369e-01   7.09395665e-05   9.58896081e-01   1.67686970e+00
 4.30000000e+00   0.00000000e+00   1.00000000e+00   1.01599404e-01   7.57011770e-05   9.22625180e-01   1.70026372e+00
 4.40000000e+00   0.00000000e+00   1.00000000e+00   7.02186166e-02   8.24321350e-05   8.41876204e-01   1.71387496e+00
 4.50000000e+00   0.00000000e+00   1.00000000e+00   4.33792738e-02   8.78391913e-05   7.70409449e-01   1.72419549e+00
 4.60000000e+00   0.00000000e+00   1.00000000e+00   3.16870011e-02   8.82427221e-05   7.52357864e-01   1.71874869e+00
 4.70000000e+00   0.00000000e+00   1.00000000e+00   2.04591596e-02   9.00908689e-05   7.12556604e-01   1.70011234e+00
 4.80000000e+00   0.00000000e+00   1.00000000e+00   2.63726027e-02   8.58345205e-05   7.08514859e-01   1.68549118e+00
 4.90000000e+00   0.00000000e+00   1.00000000e+00   4.42809256e-02   7.95312108e-05   7.46875376e-01   1.66185264e+00
 5.00000000e+00   0.00000000e+00   1.00000000e+00   6.15440004e-02   7.50198865e-05   7.59802287e-01   1.63751243e+00
 5.10000000e+00   0.00000000e+00   1.00000000e+00   9.24504443e-02   6.71685192e-05   8.43204132e-01   1.63188017e+00
 5.20000000e+00   0.00000000e+00   1.00000000e+00   1.19210593e-01   6.18810761e-05   9.17646479e-01   1.61677261e+00
 5.30000000e+00   0.00000000e+00   1.00000000e+00   1.38270235e-01   6.03723130e-05   9.51889888e-01   1.61299371e+00
 5.40000000e+00   0.00000000e+00   1.00000000e+00   1.59256615e-01   5.71956155e-05   1.04896097e+00   1.62186279e+00
 5.50000000e+00   0.00000000e+00   1.00000000e+00   1.62066282e-01   5.92672058e-05   1.04789732e+00   1.62128664e+00
 5.60000000e+00   0.00000000e+00   1.00000000e+00   1.56925221e-01   6.28134859e-05   1.03252133e+00   1.63811613e+00
 5.70000000e+00   0.00000000e+00   1.00000000e+00   1.47805964e-01   6.53231612e-05   1.04014209e+00   1.65463795e+00
 5.80000000e+00   0.00000000e+00   1.00000000e+00   1.21772047e-01   7.18566257e-05   9.49507401e-01   1.67257467e+00
 5.90000000e+00   0.00000000e+00   1.00000000e+00   9.92389146e-02   7.62612400e-05   9.01635042e-01   1.69529505e+00
 6.00000000e+00   0.00000000e+00   1.00000000e+00   7.61877539e-02   7.97530553e-05   8.57294118e-01   1.70560744e+00
 6.10000000e+00   0.00000000e+00   1.00000000e+00   4.98118794e-02   8.50203335e-05   7.79779052e-01   1.71255415e+00
 6.20000000e+00   0.00000000e+00   1.00000000e+00   3.99034187e-02   8.48451345e-05   7.62314482e-01   1.71155525e+00
 6.30000000e+00   0.00000000e+00   1.00000000e+00   3.28662411e-02   8.45724841e-05   7.40582142e-01   1.69442846e+00
 6.40000000e+00   0.00000000e+00   1.00000000e+00   3.37984527e-02   8.34441424e-05   7.21632284e-01   1.67955895e+00
 6.50000000e+00   0.00000000e+00   1.00000000e+00   5.16614884e-02   7.73372919e-05   7.65465520e-01   1.66463469e+00
 6.60000000e+00   0.00000000e+00   1.00000000e+00   6.69852044e-02   7.39569645e-05   7.82553844e-01   1.64002979e+00
 6.70000000e+00   0.00000000e+00   1.00000000e+00   9.02827592e-02   6.92564021e-05   8.31618728e-01   1.63303256e+00
 6.80000000e+00   0.00000000e+00   1.00000000e+00   1.17215273e-01   6.34252982e-05   9.22156869e-01   1.62549387e+00
 6.90000000e+00   0.00000000e+00   1.00000000e+00   1.31837855e-01   6.28094383e-05   9.38648714e-01   1.61618583e+00
 7.00000000e+00   0.00000000e+00   1.00000000e+00   1.48680238e-01   6.06235331e-05   1.00611134e+00   1.62590521e+00
 7.10000000e+00   0.00000000e+00   1.00000000e+00   1.54899143e-01   6.06577322e-05   1.03805371e+00   1.62779806e+00
 7.20000000e+00   0.00000000e+00   1.00000000e+00   1.47047211e-01   6.50123230e-05   9.97044930e-01   1.63889467e+00
 7.30000000e+00   0.00000000e+00   1.00000000e+00   1.40429010e-01   6.64417716e-05   1.01033754e+00   1.65723291e+00
 7.40000000e+00   0.00000000e+00   1.00000000e+00   1.20156057e-01   7.14457932e-05   9.51418844e-01   1.66973639e+00
 7.50000000e+00   0.00000000e+00   1.00000000e+00   9.69246157e-02   7.67886721e-05   8.84278196e-01   1.68946599e+00
 7.60000000e+00   0.00000000e+00   1.00000000e+00   8.01995839e-02   7.84828812e-05   8.64403229e-01   1.70012656e+00
 7.70000000e+00   0.00000000e+00   1.00000000e+00   5.70996370e-02   8.30071566e-05   7.96619198e-01   1.70263840e+00
 7.80000000e+00   0.00000000e+00   1.00000000e+00   4.57896807e-02   8.37164159e-05   7.66725360e-01   1.70383779e+00
 7.90000000e+00   0.00000000e+00   1.00000000e+00   4.35084728e-02   8.20979286e-05   7.66214372e-01   1.69116670e+00
 8.00000000e+00   0.00000000e+00   1.00000000e+00   4.16063811e-02   8.18954510e-05   7.39803665e-01   1.67440695e+00
 8.10000000e+00   0.00000000e+00   1.00000000e+00   5.63945577e-02   7.66517748e-05   7.72431718e-01   1.66497499e+00
 8.20000000e+00   0.00000000e+00   1.00000000e+00   7.26745713e-02   7.21848615e-05   8.07125287e-01   1.64456416e+00
 8.30000000e+00   0.00000000e+00   1.00000000e+00   8.89058801e-02   6.93379657e-05   8.26083979e-01   1.63331704e+00
 8.40000000e+00   0.00000000e+00   1.00000000e+00   1.13988587e-01   6.30643421e-05   9.13114230e-01   1.63207017e+00
 8.50000000e+00   0.00000000e+00   1.00000000e+00   1.27868245e-01   6.16323840e-05   9.38827801e-01   1.62156191e+00
 8.60000000e+00   0.00000000e+00   1.00000000e+00   1.38907254e-01   6.12265147e-05   9.66354054e-01   1.62779072e+00
 8.70000000e+00   0.00000000e+00   1.00000000e+00   1.47871188e-01   6.07574201e-05   1.02180788e+00   1.63450725e+00
 8.80000000e+00   0.00000000e+00   1.00000000e+00   1.40079717e-01   6.59954085e-05   9.80387037e-01   1.63997916e+00
 8.90000000e+00   0.00000000e+00   1.00000000e+00   1.32542562e-01   6.96142741e-05   9.74558055e-01   1.65806827e+00
 9.00000000e+00   0.00000000e+00   1.00000000e+00   1.18949530e-01   7.34446248e-05   9.54360543e-01   1.66898206e+00
 9.10000000e+00   0.00000000e+00   1.00000000e+00   9.59245715e-02   7.97073703e-05   8.77776391e-01   1.68329355e+00
 9.20000000e+00   0.00000000e+00   1.00000000e+00   8.19327323e-02   8.10733890e-05   8.60541439e-01   1.69552338e+00
 9.30000000e+00   0.00000000e+00   1.00000000e+00   6.45971742e-02   8.30495628e-05   8.17735298e-01   1.69533916e+00
 9.40000000e+00   0.00000000e+00   1.00000000e+00   5.09802120e-02   8.41333000e-05   7.72613717e-01   1.69561538e+00
 9.50000000e+00   0.00000000e+00   1.00000000e+00   5.14798196e-02   8.00715270e-05   7.82790503e-01   1.68871338e+00
 9.60000000e+00   0.00000000e+00   1.00000000e+00   5.01277232e-02   7.84036360e-05   7.63534385e-01   1.67119423e+00
 9.70000000e+00   0.00000000e+00   1.00000000e+00   5.96866582e-02   7.39468082e-05   7.74262875e-01   1.66287092e+00
 9.80000000e+00   0.00000000e+00   1.00000000e+00   7.73254017e-02   6.78121486e-05   8.25458806e-01   1.64957185e+00
 9.90000000e+00   0.00000000e+00   1.00000000e+00   8.93228595e-02   6.57697209e-05   8.31406732e-01   1.63458661e+00
 1.00000000e+01   0.00000000e+00   1.00000000e+00   1.09739494e-01   6.16810454e-05   8.93742500e-01   1.63556864e+00