  Time  Coordinate0  Coordinate1  Displacement0  Displacement1  Force0  Force1
 0.00000000e+00   0.00000000e+00   1.00000000e+00   0.00000000e+00   0.00000000e+00   2.29427968e+00  -3.02282515e-14
 5.00000000e-02   0.00000000e+00   1.00000000e+00   5.83743907e-03   2.23921702e-04   8.79939221e-01   2.59274926e+00
 1.00000000e-01   0.00000000e+00   1.00000000e+00   1.70556598e-02   3.76471983e-05   7.26687571e-01   2.15330476e+00
 1.50000000e-01   0.00000000e+00   1.00000000e+00   3.89725883e-02   1.13208464e-04   7.77547833e-01   1.96561169e+00
 2.00000000e-01   0.00000000e+00   1.00000000e+00   5.93693006e-02   9.34147492e-05   8.19836006e-01   1.87143607e+00
 2.50000000e-01   0.00000000e+00   1.00000000e+00   8.09500862e-02   3.69042223e-05   8.84104853e-01   1.79235387e+00
 3.00000000e-01   0.00000000e+00   1.00000000e+00   9.60625812e-02   1.59566213e-04   8.77062018e-01   1.75180996e+00
 3.50000000e-01   0.00000000e+00   1.00000000e+00   1.15693144e-01  -3.59019931e-05   9.03318430e-01   1.70008981e+00
 4.00000000e-01   0.00000000e+00   1.00000000e+00   1.35795571e-01   1.91819648e-04   9.62560218e-01   1.68295344e+00
 4.50000000e-01   0.00000000e+00   1.00000000e+00   1.58927305e-01  -9.64385599e-05   1.05428032e+00   1.64745651e+00
 5.00000000e-01   0.00000000e+00   1.00000000e+00   1.75067290e-01   2.03154347e-04   1.13253055e+00   1.64293844e+00
 5.50000000e-01   0.00000000e+00   1.00000000e+00   1.84953100e-01  -1.04514777e-04   1.12496371e+00   1.62311357e+00
 6.00000000e-01   0.00000000e+00   1.00000000e+00   1.90184325e-01   2.01508777e-04   1.13448831e+00   1.63470338e+00
 6.50000000e-01   0.00000000e+00   1.00000000e+00   1.95082900e-01  -7.64352974e-05   1.12192749e+00   1.63136099e+00
 7.00000000e-01   0.00000000e+00   1.00000000e+00   2.00943263e-01   1.62717472e-04   1.20107767e+00   1.64402066e+00
 7.50000000e-01   0.00000000e+00   1.00000000e+00   2.00494092e-01  -3.33137908e-05   1.20158815e+00   1.64443357e+00
 8.00000000e-01   0.00000000e+00   1.00000000e+00   1.94264367e-01   9.83686976e-05   1.21478814e+00   1.65697095e+00
 8.50000000e-01   0.00000000e+00   1.00000000e+00   1.78927739e-01   3.40887132e-05   1.11875115e+00   1.67633185e+00
 9.00000000e-01   0.00000000e+00   1.00000000e+00   1.65586298e-01   3.94388703e-05   1.08794977e+00   1.69082934e+00
 9.50000000e-01   0.00000000e+00   1.00000000e+00   1.50580893e-01   1.13758498e-04   1.03783955e+00   1.71292770e+00
 1.00000000e+00   0.00000000e+00   1.00000000e+00   1.38481046e-01  -1.46226031e-05   1.04357406e+00   1.71097121e+00
 1.05000000e+00   0.00000000e+00   1.00000000e+00   1.18745962e-01   1.76118551e-04   9.93764820e-01   1.73653986e+00
 1.10000000e+00   0.00000000e+00   1.00000000e+00   9.76044335e-02  -5.22454535e-05   9.29499721e-01   1.73799324e+00
 1.15000000e+00   0.00000000e+00   1.00000000e+00   7.36462899e-02   2.19880485e-04   8.53728996e-01   1.77017606e+00
 1.20000000e+00   0.00000000e+00   1.00000000e+00   5.64395196e-02  -6.13596589e-05   7.94279967e-01   1.75669719e+00
 1.25000000e+00   0.00000000e+00   1.00000000e+00   4.22960073e-02   2.30851598e-04   7.81654835e-01   1.76684203e+00
 1.30000000e+00   0.00000000e+00   1.00000000e+00   3.04291182e-02  -4.51084583e-05   7.55466543e-01   1.74475460e+00
 1.35000000e+00   0.00000000e+00   1.00000000e+00   1.69861077e-02   2.14290921e-04   7.46687185e-01   1.75060234e+00
 1.40000000e+00   0.00000000e+00   1.00000000e+00   4.09344690e-03   3.14585836e-07   6.88762036e-01   1.73623300e+00
 1.45000000e+00   0.00000000e+00   1.00000000e+00  -2.41729517e-03   1.72171294e-04   6.71979143e-01   1.72774685e+00
 1.50000000e+00   0.00000000e+00   1.00000000e+00  -2.97905842e-03   5.12570468e-05   6.43992996e-01   1.70666751e+00
 1.55000000e+00   0.00000000e+00   1.00000000e+00   3.47224137e-03   1.03175719e-04   6.78712217e-01   1.68110742e+00
 1.60000000e+00   0.00000000e+00   1.00000000e+00   8.09597779e-03   1.11421193e-04   6.80738194e-01   1.66685054e+00
 1.65000000e+00   0.00000000e+00   1.00000000e+00   1.52482563e-02   3.53904404e-05   6.94120726e-01   1.64347858e+00
 1.70000000e+00   0.00000000e+00   1.00000000e+00   2.21548607e-02   1.70487584e-04   6.74275604e-01   1.64061449e+00
 1.75000000e+00   0.00000000e+00   1.00000000e+00   3.81476813e-02  -2.04411477e-05   6.95831493e-01   1.61493621e+00
 1.80000000e+00   0.00000000e+00   1.00000000e+00   5.61227643e-02   1.99196377e-04   7.40124250e-01   1.61172513e+00
 1.85000000e+00   0.00000000e+00   1.00000000e+00   7.72127475e-02  -6.13700699e-05   8.07835734e-01   1.58781277e+00
 1.90000000e+00   0.00000000e+00   1.00000000e+00   9.25710204e-02   2.05620786e-04   8.47699354e-01   1.59162825e+00
 1.95000000e+00   0.00000000e+00   1.00000000e+00   1.07747731e-01  -6.81508903e-05   8.57544911e-01   1.57973808e+00
 2.00000000e+00   0.00000000e+00   1.00000000e+00   1.22813638e-01   1.87253317e-04   8.91780263e-01   1.59020968e+00
 2.05000000e+00   0.00000000e+00   1.00000000e+00   1.41450848e-01  -4.74682159e-05   9.42187127e-01   1.58384947e+00
 2.10000000e+00   0.00000000e+00   1.00000000e+00   1.58886674e-01   1.42213823e-04   1.04246544e+00   1.59152201e+00
 2.15000000e+00   0.00000000e+00   1.00000000e+00   1.70558016e-01  -4.81984077e-06   1.07367265e+00   1.59012888e+00
 2.20000000e+00   0.00000000e+00   1.00000000e+00   1.76653537e-01   8.19161926e-05   1.10065702e+00   1.60130418e+00
 2.25000000e+00   0.00000000e+00   1.00000000e+00   1.78395082e-01   5.53481790e-05   1.06456299e+00   1.61219525e+00
 2.30000000e+00   0.00000000e+00   1.00000000e+00   1.82433972e-01   2.15312106e-05   1.10476963e+00   1.62321867e+00
 2.35000000e+00   0.00000000e+00   1.00000000e+00   1.83662451e-01   1.14117539e-04   1.11991719e+00   1.63550848e+00
 2.40000000e+00   0.00000000e+00   1.00000000e+00   1.82745882e-01  -3.22924571e-05   1.16440980e+00   1.64030728e+00
 2.45000000e+00   0.00000000e+00   1.00000000e+00   1.72026034e-01   1.62204494e-04   1.11446717e+00   1.66150879e+00
 2.50000000e+00   0.00000000e+00   1.00000000e+00   1.59559010e-01  -6.11900122e-05   1.06832430e+00   1.67180791e+00
 2.55000000e+00   0.00000000e+00   1.00000000e+00   1.44472284e-01   1.92776304e-04   1.00894822e+00   1.69957281e+00
 2.60000000e+00   0.00000000e+00   1.00000000e+00   1.33842424e-01  -6.56339161e-05   9.95786578e-01   1.69926960e+00
 2.65000000e+00   0.00000000e+00   1.00000000e+00   1.20202380e-01   1.94814413e-04   9.84357028e-01   1.71819105e+00
 2.70000000e+00   0.00000000e+00   1.00000000e+00   1.04499661e-01  -4.40198287e-05   9.44465300e-01   1.71753629e+00
 2.75000000e+00   0.00000000e+00   1.00000000e+00   8.40975214e-02   1.74582832e-04   8.88544032e-01   1.74122023e+00
 2.80000000e+00   0.00000000e+00   1.00000000e+00   6.57785244e-02   7.34305765e-06   8.14407597e-01   1.74233068e+00
 2.85000000e+00   0.00000000e+00   1.00000000e+00   5.19053630e-02   1.35736655e-04   7.90819003e-01   1.74874231e+00
 2.90000000e+00   0.00000000e+00   1.00000000e+00   4.18890230e-02   6.57957972e-05   7.63422274e-01   1.73734660e+00
 2.95000000e+00   0.00000000e+00   1.00000000e+00   3.31164287e-02   7.90427588e-05   7.71100146e-01   1.73013267e+00
 3.00000000e+00   0.00000000e+00   1.00000000e+00   2.19635924e-02   1.28053097e-04   7.29970464e-01   1.72585225e+00
 3.05000000e+00   0.00000000e+00   1.00000000e+00   1.40275096e-02   2.93549222e-05   7.09513777e-01   1.71509245e+00
 3.10000000e+00   0.00000000e+00   1.00000000e+00   9.61044774e-03   1.82161082e-04   6.72012942e-01   1.70882542e+00
 3.15000000e+00   0.00000000e+00   1.00000000e+00   1.40792313e-02  -1.52285409e-05   6.84859151e-01   1.68242864e+00
 3.20000000e+00   0.00000000e+00   1.00000000e+00   1.93722374e-02   2.08336669e-04   6.97443988e-01   1.67195055e+00
 3.25000000e+00   0.00000000e+00   1.00000000e+00   2.69687235e-02  -4.01850932e-05   7.20445071e-01   1.64669823e+00
 3.30000000e+00   0.00000000e+00   1.00000000e+00   3.17626763e-02   2.11609160e-04   7.14199279e-01   1.64475911e+00
 3.35000000e+00   0.00000000e+00   1.00000000e+00   4.19359668e-02  -3.67323968e-05   7.12048294e-01   1.62538327e+00
 3.40000000e+00   0.00000000e+00   1.00000000e+00   5.53175340e-02   1.86533934e-04   7.36448213e-01   1.62231479e+00
 3.45000000e+00   0.00000000e+00   1.00000000e+00   7.38469266e-02  -1.42322218e-05   7.85666677e-01   1.60345078e+00
 3.50000000e+00   0.00000000e+00   1.00000000e+00   9.00032466e-02   1.34761888e-04   8.48996823e-01   1.59995284e+00
 3.55000000e+00   0.00000000e+00   1.00000000e+00   1.03584494e-01   2.83569211e-05   8.67472764e-01   1.59182474e+00
 3.60000000e+00   0.00000000e+00   1.00000000e+00   1.15234852e-01   7.72718921e-05   8.90877269e-01   1.59547619e+00
 3.65000000e+00   0.00000000e+00   1.00000000e+00   1.28348952e-01   8.12415889e-05   9.01766802e-01   1.59628850e+00
 3.70000000e+00   0.00000000e+00   1.00000000e+00   1.43957371e-01   1.50544046e-05   9.78221100e-01   1.59798952e+00
 3.75000000e+00   0.00000000e+00   1.00000000e+00   1.56554248e-01   1.26040743e-04   1.02589936e+00   1.60061993e+00
 3.80000000e+00   0.00000000e+00   1.00000000e+00   1.65156370e-01  -3.48207036e-05   1.07879525e+00   1.60313413e+00
 3.85000000e+00   0.00000000e+00   1.00000000e+00   1.66525941e-01   1.61473028e-04   1.05171021e+00   1.61577978e+00
 3.90000000e+00   0.00000000e+00   1.00000000e+00   1.68286422e-01  -5.89759854e-05   1.05669303e+00   1.62315008e+00
 3.95000000e+00   0.00000000e+00   1.00000000e+00   1.68415461e-01   1.76739476e-04   1.05483315e+00   1.63879556e+00
 4.00000000e+00   0.00000000e+00   1.00000000e+00   1.69950891e-01  -6.21302746e-05   1.09858263e+00   1.64084185e+00
 4.05000000e+00   0.00000000e+00   1.00000000e+00   1.64453513e-01   1.66575526e-04   1.09688274e+00   1.65658060e+00
 4.10000000e+00   0.00000000e+00   1.00000000e+00   1.55168170e-01  -3.66714751e-05   1.06577454e+00   1.66400225e+00
 4.15000000e+00   0.00000000e+00   1.00000000e+00   1.40998545e-01   1.41620505e-04   1.00766263e+00   1.68748857e+00
 4.20000000e+00   0.00000000e+00   1.00000000e+00   1.29511229e-01   1.17225456e-05   9.65394418e-01   1.69459479e+00
 4.25000000e+00   0.00000000e+00   1.00000000e+00   1.18652633e-01   9.84345122e-05   9.59130129e-01   1.70739444e+00
 4.30000000e+00   0.00000000e+00   1.00000000e+00   1.07537779e-01   6.72817447e-05   9.39859383e-01   1.70869328e+00
 4.35000000e+00   0.00000000e+00   1.00000000e+00   9.26007780e-02   5.03750696e-05   9.15698551e-01   1.71963453e+00
 4.40000000e+00   0.00000000e+00   1.00000000e+00   7.54028548e-02   1.28042500e-04   8.45363149e-01   1.72836298e+00
 4.45000000e+00   0.00000000e+00   1.00000000e+00   6.09914343e-02   1.26601094e-05   8.08471173e-01   1.73314639e+00
 4.50000000e+00   0.00000000e+00   1.00000000e+00   5.02793446e-02   1.74785540e-04   7.69859895e-01   1.73211306e+00
 4.55000000e+00   0.00000000e+00   1.00000000e+00   4.42554809e-02  -1.80260047e-05   7.79041748e-01   1.71979689e+00
 4.60000000e+00   0.00000000e+00   1.00000000e+00   3.63696908e-02   1.98011620e-04   7.59738246e-01   1.71652512e+00
 4.65000000e+00   0.00000000e+00   1.00000000e+00   2.95807076e-02  -2.60356295e-05   7.45789019e-01   1.70489163e+00
 4.70000000e+00   0.00000000e+00   1.00000000e+00   2.27174053e-02   2.02512232e-04   7.08396702e-01   1.70450347e+00
 4.75000000e+00   0.00000000e+00   1.00000000e+00   2.35328034e-02  -1.17255816e-05   6.98464295e-01   1.68579067e+00
 4.80000000e+00   0.00000000e+00   1.00000000e+00   2.76268966e-02   1.75591580e-04   7.06949777e-01   1.67579336e+00
 4.85000000e+00   0.00000000e+00   1.00000000e+00   3.57136137e-02   1.54199298e-05   7.32266401e-01   1.65387841e+00
 4.90000000e+00   0.00000000e+00   1.00000000e+00   4.10996641e-02   1.29312465e-04   7.46413077e-01   1.64643556e+00
 4.95000000e+00   0.00000000e+00   1.00000000e+00   4.78958934e-02   6.04112814e-05   7.39379928e-01   1.63402257e+00
 5.00000000e+00   0.00000000e+00   1.00000000e+00   5.66767419e-02   7.57878886e-05   7.48006490e-01   1.62909629e+00
 5.05000000e+00   0.00000000e+00   1.00000000e+00   7.07081959e-02   1.05089024e-04   7.69266228e-01   1.61804094e+00
 5.10000000e+00   0.00000000e+00   1.00000000e+00   8.64224513e-02   1.79274744e-05   8.32758500e-01   1.60958887e+00
 5.15000000e+00   0.00000000e+00   1.00000000e+00   1.00005358e-01   1.42069065e-04   8.66807268e-01   1.60334693e+00
 5.20000000e+00   0.00000000e+00   1.00000000e+00   1.10852123e-01  -2.45798112e-05   8.99051205e-01   1.60120788e+00
 5.25000000e+00   0.00000000e+00   1.00000000e+00   1.19775139e-01   1.68537096e-04   8.92387400e-01   1.60499987e+00
 5.30000000e+00   0.00000000e+00   1.00000000e+00   1.31722691e-01  -4.65786738e-05   9.33777882e-01   1.60555307e+00
 5.35000000e+00   0.00000000e+00   1.00000000e+00   1.43108057e-01   1.69924967e-04   9.72583799e-01   1.60958079e+00
 5.40000000e+00   0.00000000e+00   1.00000000e+00   1.53710078e-01  -4.72446541e-05   1.03865949e+00   1.60914874e+00
 5.45000000e+00   0.00000000e+00   1.00000000e+00   1.57014938e-01   1.51602730e-04   1.04213182e+00   1.61758575e+00
 5.50000000e+00   0.00000000e+00   1.00000000e+00   1.58128892e-01  -2.01347308e-05   1.03805377e+00   1.62453037e+00
 5.55000000e+00   0.00000000e+00   1.00000000e+00   1.56471755e-01   1.17719400e-04   1.01816593e+00   1.63850493e+00
 5.60000000e+00   0.00000000e+00   1.00000000e+00   1.57453497e-01   2.26882045e-05   1.03603592e+00   1.64412112e+00
 5.65000000e+00   0.00000000e+00   1.00000000e+00   1.55416148e-01   7.08636604e-05   1.05652857e+00   1.65385051e+00
 5.70000000e+00   0.00000000e+00   1.00000000e+00   1.50217814e-01   7.29841327e-05   1.05258856e+00   1.66037490e+00
 5.75000000e+00   0.00000000e+00   1.00000000e+00   1.39122285e-01   2.65859198e-05   1.01682466e+00   1.67570257e+00
 5.80000000e+00   0.00000000e+00   1.00000000e+00   1.27147028e-01   1.25535269e-04   9.59692468e-01   1.68819276e+00
 5.85000000e+00   0.00000000e+00   1.00000000e+00   1.16587016e-01  -7.66765143e-06   9.38455911e-01   1.69879256e+00
 5.90000000e+00   0.00000000e+00   1.00000000e+00   1.07520044e-01   1.62424253e-04   9.19977019e-01   1.70321108e+00
 5.95000000e+00   0.00000000e+00   1.00000000e+00   9.76547488e-02  -2.79906202e-05   9.21488098e-01   1.70646978e+00
 6.00000000e+00   0.00000000e+00   1.00000000e+00   8.39144828e-02   1.80511860e-04   8.74216258e-01   1.71400485e+00
 6.05000000e+00   0.00000000e+00   1.00000000e+00   7.03582319e-02  -2.26134611e-05   8.35872950e-01   1.71897169e+00
 6.10000000e+00   0.00000000e+00   1.00000000e+00   5.81628663e-02   1.79306249e-04   7.85900109e-01   1.72324997e+00
 6.15000000e+00   0.00000000e+00   1.00000000e+00   5.20888906e-02   3.66935885e-07   7.80395526e-01   1.71509600e+00
 6.20000000e+00   0.00000000e+00   1.00000000e+00   4.65925668e-02   1.51761135e-04   7.73587184e-01   1.70923435e+00
 6.25000000e+00   0.00000000e+00   1.00000000e+00   4.24256684e-02   3.71912847e-05   7.72817545e-01   1.69868669e+00
 6.30000000e+00   0.00000000e+00   1.00000000e+00   3.58651167e-02   1.12524050e-04   7.46636332e-01   1.69610083e+00
 6.35000000e+00   0.00000000e+00   1.00000000e+00   3.35385113e-02   8.55684238e-05   7.23398537e-01   1.68653829e+00
 6.40000000e+00   0.00000000e+00   1.00000000e+00   3.48126605e-02   6.60130386e-05   7.18968022e-01   1.67765155e+00
 6.45000000e+00   0.00000000e+00   1.00000000e+00   4.16595324e-02   1.26431004e-04   7.34302359e-01   1.66167525e+00
 6.50000000e+00   0.00000000e+00   1.00000000e+00   4.83468297e-02   1.88133125e-05   7.63189190e-01   1.64974151e+00
 6.55000000e+00   0.00000000e+00   1.00000000e+00   5.44635560e-02   1.58153718e-04   7.66233963e-01   1.63959940e+00
 6.60000000e+00   0.00000000e+00   1.00000000e+00   6.04583223e-02  -1.08795071e-05   7.70916009e-01   1.63392367e+00
 6.65000000e+00   0.00000000e+00   1.00000000e+00   6.94895989e-02   1.73943684e-04   7.69328964e-01   1.62771990e+00
 6.70000000e+00   0.00000000e+00   1.00000000e+00   8.25984206e-02  -2.59310671e-05   8.13381040e-01   1.62026209e+00
 6.75000000e+00   0.00000000e+00   1.00000000e+00   9.57277696e-02   1.65101643e-04   8.52055627e-01   1.61327710e+00
 6.80000000e+00   0.00000000e+00   1.00000000e+00   1.07339215e-01  -2.08414216e-05   8.99484719e-01   1.60916523e+00
 6.85000000e+00   0.00000000e+00   1.00000000e+00   1.14670149e-01   1.40945202e-04   8.98447714e-01   1.61003153e+00
 6.90000000e+00   0.00000000e+00   1.00000000e+00   1.23126231e-01   6.86281700e-06   9.15326667e-01   1.61292526e+00
 6.95000000e+00   0.00000000e+00   1.00000000e+00   1.31582065e-01   1.01372734e-04   9.32000889e-01   1.61589476e+00
 7.00000000e+00   0.00000000e+00   1.00000000e+00   1.42067130e-01   4.35022676e-05   9.88111340e-01   1.61731624e+00
 7.05000000e+00   0.00000000e+00   1.00000000e+00   1.47778493e-01   5.34091112e-05   1.01819004e+00   1.62020015e+00
 7.10000000e+00   0.00000000e+00   1.00000000e+00   1.50187940e-01   8.68671632e-05   1.02737922e+00   1.62654958e+00
 7.15000000e+00   0.00000000e+00   1.00000000e+00   1.48041744e-01   1.29622591e-05   1.00591639e+00   1.63683728e+00
 7.20000000e+00   0.00000000e+00   1.00000000e+00   1.47072972e-01   1.26715574e-04   9.95945296e-01   1.64601547e+00
 7.25000000e+00   0.00000000e+00   1.00000000e+00   1.45884237e-01  -1.79288923e-05   1.01050547e+00   1.65363547e+00
 7.30000000e+00   0.00000000e+00   1.00000000e+00   1.43642863e-01   1.50496135e-04   1.02115745e+00   1.65890743e+00
 7.35000000e+00   0.00000000e+00   1.00000000e+00   1.36839048e-01  -3.04852601e-05   1.01691395e+00   1.66832310e+00
 7.40000000e+00   0.00000000e+00   1.00000000e+00   1.26283818e-01   1.60044114e-04   9.67861242e-01   1.67934459e+00
 7.45000000e+00   0.00000000e+00   1.00000000e+00   1.15660226e-01  -1.90093690e-05   9.34596085e-01   1.69135481e+00
 7.50000000e+00   0.00000000e+00   1.00000000e+00   1.06432782e-01   1.50388703e-04   9.02410104e-01   1.69717878e+00
 7.55000000e+00   0.00000000e+00   1.00000000e+00   9.94084275e-02   7.17543007e-06   9.08762423e-01   1.70017038e+00
 7.60000000e+00   0.00000000e+00   1.00000000e+00   8.96925911e-02   1.22565723e-04   8.87188380e-01   1.70215156e+00
 7.65000000e+00   0.00000000e+00   1.00000000e+00   7.88974199e-02   4.84786536e-05   8.62951979e-01   1.70708193e+00
 7.70000000e+00   0.00000000e+00   1.00000000e+00   6.65263343e-02   8.86464962e-05   8.12342461e-01   1.71141286e+00
 7.75000000e+00   0.00000000e+00   1.00000000e+00   5.89432017e-02   9.66379162e-05   7.88686577e-01   1.71039543e+00
 7.80000000e+00   0.00000000e+00   1.00000000e+00   5.37665054e-02   4.86752324e-05   7.78357595e-01   1.70437039e+00
 7.85000000e+00   0.00000000e+00   1.00000000e+00   5.16150622e-02   1.35561202e-04   7.84725063e-01   1.69525492e+00
 7.90000000e+00   0.00000000e+00   1.00000000e+00   4.73337976e-02   1.47553647e-05   7.77232909e-01   1.68936962e+00
 7.95000000e+00   0.00000000e+00   1.00000000e+00   4.39906575e-02   1.65265219e-04   7.54844467e-01   1.68334138e+00
 8.00000000e+00   0.00000000e+00   1.00000000e+00   4.25783491e-02  -2.85532092e-06   7.40145908e-01   1.67807999e+00
 8.05000000e+00   0.00000000e+00   1.00000000e+00   4.64201126e-02   1.74793428e-04   7.37840636e-01   1.66644857e+00
 8.10000000e+00   0.00000000e+00   1.00000000e+00   5.31063433e-02  -8.61245090e-06   7.66435035e-01   1.65578945e+00
 8.15000000e+00   0.00000000e+00   1.00000000e+00   5.97295219e-02   1.61302828e-04   7.81683058e-01   1.64367554e+00
 8.20000000e+00   0.00000000e+00   1.00000000e+00   6.53251564e-02   5.75382738e-06   7.95389678e-01   1.63867864e+00
 8.25000000e+00   0.00000000e+00   1.00000000e+00   7.08075005e-02   1.34138640e-04   7.84554212e-01   1.63246836e+00
 8.30000000e+00   0.00000000e+00   1.00000000e+00   8.01262568e-02   3.47287313e-05   8.05230347e-01   1.62968539e+00
 8.35000000e+00   0.00000000e+00   1.00000000e+00   9.11433732e-02   9.16748872e-05   8.32183697e-01   1.62178829e+00
 8.40000000e+00   0.00000000e+00   1.00000000e+00   1.03208418e-01   6.80828080e-05   8.85454131e-01   1.61841779e+00
 8.45000000e+00   0.00000000e+00   1.00000000e+00   1.11028289e-01   4.62520231e-05   9.02393458e-01   1.61480464e+00
 8.50000000e+00   0.00000000e+00   1.00000000e+00   1.17783908e-01   1.05151488e-04   9.14357525e-01   1.61825755e+00
 8.55000000e+00   0.00000000e+00   1.00000000e+00   1.23231788e-01   8.79622844e-06   9.13426929e-01   1.62075188e+00
 8.60000000e+00   0.00000000e+00   1.00000000e+00   1.31483435e-01   1.33759953e-04   9.44335833e-01   1.62406115e+00
 8.65000000e+00   0.00000000e+00   1.00000000e+00   1.38222533e-01  -1.91394948e-05   9.81450473e-01   1.62537592e+00
 8.70000000e+00   0.00000000e+00   1.00000000e+00   1.42629110e-01   1.47140554e-04   1.00752653e+00   1.62864040e+00
 8.75000000e+00   0.00000000e+00   1.00000000e+00   1.41938455e-01  -2.64980300e-05   1.00321893e+00   1.63645683e+00
 8.80000000e+00   0.00000000e+00   1.00000000e+00   1.39673280e-01   1.47147871e-04   9.79823295e-01   1.64465723e+00
 8.85000000e+00   0.00000000e+00   1.00000000e+00   1.37648470e-01  -1.30084552e-05   9.77674975e-01   1.65459457e+00
 8.90000000e+00   0.00000000e+00   1.00000000e+00   1.36171196e-01   1.28027995e-04   9.81957974e-01   1.65800620e+00
 8.95000000e+00   0.00000000e+00   1.00000000e+00   1.33037007e-01   1.46369704e-05   9.99528528e-01   1.66565420e+00
 9.00000000e+00   0.00000000e+00   1.00000000e+00   1.25507589e-01   9.74673218e-05   9.73096129e-01   1.67108768e+00
 9.05000000e+00   0.00000000e+00   1.00000000e+00   1.16096090e-01   5.65235856e-05   9.43721139e-01   1.68385547e+00
 9.10000000e+00   0.00000000e+00   1.00000000e+00   1.06162472e-01   6.38185883e-05   8.99087282e-01   1.68991576e+00
 9.15000000e+00   0.00000000e+00   1.00000000e+00   9.95625294e-02   9.95976348e-05   8.93053524e-01   1.69596591e+00
 9.20000000e+00   0.00000000e+00   1.00000000e+00   9.25464025e-02   2.90889157e-05   8.83260229e-01   1.69503657e+00
 9.25000000e+00   0.00000000e+00   1.00000000e+00   8.52112458e-02   1.35144133e-04   8.77725158e-01   1.69774117e+00
 9.30000000e+00   0.00000000e+00   1.00000000e+00   7.47077355e-02   6.12634952e-06   8.41086434e-01   1.70057050e+00
 9.35000000e+00   0.00000000e+00   1.00000000e+00   6.61242003e-02   1.60899910e-04   8.07934881e-01   1.70260671e+00
 9.40000000e+00   0.00000000e+00   1.00000000e+00   5.98307286e-02  -2.18137394e-06   7.86501770e-01   1.70102651e+00
 9.45000000e+00   0.00000000e+00   1.00000000e+00   5.78097797e-02   1.65413782e-04   7.86224133e-01   1.69250427e+00
 9.50000000e+00   0.00000000e+00   1.00000000e+00   5.58787706e-02   2.31092896e-06   7.93531693e-01   1.68683098e+00
 9.55000000e+00   0.00000000e+00   1.00000000e+00   5.35135201e-02   1.51632032e-04   7.82496809e-01   1.67842774e+00
 9.60000000e+00   0.00000000e+00   1.00000000e+00   5.10973831e-02   2.56875986e-05   7.68531264e-01   1.67718200e+00
 9.65000000e+00   0.00000000e+00   1.00000000e+00   5.16499898e-02   1.23896901e-04   7.50967379e-01   1.66755544e+00
 9.70000000e+00   0.00000000e+00   1.00000000e+00   5.65092192e-02   5.74255458e-05   7.66639549e-01   1.66203323e+00
 9.75000000e+00   0.00000000e+00   1.00000000e+00   6.29702274e-02   8.27378059e-05   7.83954231e-01   1.64813069e+00
 9.80000000e+00   0.00000000e+00   1.00000000e+00   6.94403813e-02   9.12370343e-05   8.10736383e-01   1.64357980e+00
 9.85000000e+00   0.00000000e+00   1.00000000e+00   7.37256772e-02   4.28212965e-05   8.05529119e-01   1.63560343e+00
 9.90000000e+00   0.00000000e+00   1.00000000e+00   7.98532420e-02   1.24455128e-04   8.11948749e-01   1.63554513e+00
 9.95000000e+00   0.00000000e+00   1.00000000e+00   8.75764141e-02   9.54326405e-06   8.20464125e-01   1.62945168e+00
 1.00000000e+01   0.00000000e+00   1.00000000e+00   9.84443177e-02   1.43957045e-04   8.62933523e-01   1.62646642e+00