  Time  Coordinate0  Coordinate1  Displacement0  Displacement1  Force0  Force1
 0.00000000e+00   0.00000000e+00   1.00000000e+00   0.00000000e+00   0.00000000e+00   2.29427968e+00  -3.02282515e-14
 3.00000000e-02   0.00000000e+00   1.00000000e+00   2.69263339e-03   9.34405329e-05   1.13825629e+00   3.26120430e+00
 6.00000000e-02   0.00000000e+00   1.00000000e+00   7.22260714e-03   2.82890103e-04   8.35403662e-01   2.45413950e+00
 9.00000000e-02   0.00000000e+00   1.00000000e+00   1.31054802e-02   1.37331291e-04   7.43995495e-01   2.20948888e+00
 1.20000000e-01   0.00000000e+00   1.00000000e+00   2.49348500e-02  -5.64675026e-05   7.45237868e-01   2.04911245e+00
 1.50000000e-01   0.00000000e+00   1.00000000e+00   3.74080380e-02   1.23835868e-04   7.74331357e-01   1.95577026e+00
 1.80000000e-01   0.00000000e+00   1.00000000e+00   4.92070233e-02   2.40726861e-04   8.03745241e-01   1.90312829e+00
 2.10000000e-01   0.00000000e+00   1.00000000e+00   6.10738194e-02  -2.60628535e-06   8.17081427e-01   1.84444378e+00
 2.40000000e-01   0.00000000e+00   1.00000000e+00   7.41307791e-02  -4.90697526e-05   8.55909004e-01   1.79838496e+00
 2.70000000e-01   0.00000000e+00   1.00000000e+00   8.40018267e-02   2.09150913e-04   8.82264701e-01   1.77364001e+00
 3.00000000e-01   0.00000000e+00   1.00000000e+00   9.33483709e-02   1.56333789e-04   8.69320251e-01   1.75011001e+00
 3.30000000e-01   0.00000000e+00   1.00000000e+00   1.04365867e-01  -9.34155908e-05   8.72909023e-01   1.71470690e+00
 3.60000000e-01   0.00000000e+00   1.00000000e+00   1.17345806e-01   4.70607112e-05   9.15274680e-01   1.69273782e+00
 3.90000000e-01   0.00000000e+00   1.00000000e+00   1.29206260e-01   2.38338441e-04   9.50034099e-01   1.68049154e+00
 4.20000000e-01   0.00000000e+00   1.00000000e+00   1.41878051e-01   1.72639966e-05   9.69971879e-01   1.66040096e+00
 4.50000000e-01   0.00000000e+00   1.00000000e+00   1.55767985e-01  -1.00536458e-04   1.04130702e+00   1.63892436e+00
 4.80000000e-01   0.00000000e+00   1.00000000e+00   1.66761761e-01   1.55212473e-04   1.09518696e+00   1.63329678e+00
 5.10000000e-01   0.00000000e+00   1.00000000e+00   1.73875861e-01   1.72018112e-04   1.11119505e+00   1.63297624e+00
 5.40000000e-01   0.00000000e+00   1.00000000e+00   1.80211416e-01  -8.96242888e-05   1.10689205e+00   1.62331833e+00
 5.70000000e-01   0.00000000e+00   1.00000000e+00   1.85981738e-01  -1.33548550e-05   1.13508705e+00   1.62240320e+00
 6.00000000e-01   0.00000000e+00   1.00000000e+00   1.88412160e-01   2.14445799e-04   1.12626581e+00   1.63128227e+00
 6.30000000e-01   0.00000000e+00   1.00000000e+00   1.91380375e-01   5.90091385e-05   1.11732765e+00   1.63504693e+00
 6.60000000e-01   0.00000000e+00   1.00000000e+00   1.95768482e-01  -1.10481956e-04   1.13115816e+00   1.62667481e+00
 6.90000000e-01   0.00000000e+00   1.00000000e+00   1.99631600e-01   9.84933923e-05   1.18606052e+00   1.63330909e+00
 7.20000000e-01   0.00000000e+00   1.00000000e+00   2.00025920e-01   1.91184149e-04   1.19302127e+00   1.64134264e+00
 7.50000000e-01   0.00000000e+00   1.00000000e+00   1.99983082e-01  -4.69813536e-05   1.19619307e+00   1.64091625e+00
 7.80000000e-01   0.00000000e+00   1.00000000e+00   1.97719514e-01  -5.80621131e-05   1.21238856e+00   1.64290516e+00
 8.10000000e-01   0.00000000e+00   1.00000000e+00   1.91797540e-01   1.83472690e-04   1.20167302e+00   1.66253700e+00
 8.40000000e-01   0.00000000e+00   1.00000000e+00   1.82795035e-01   1.16375497e-04   1.14073010e+00   1.67682614e+00
 8.70000000e-01   0.00000000e+00   1.00000000e+00   1.75355976e-01  -9.67527015e-05   1.10441336e+00   1.68000342e+00
 9.00000000e-01   0.00000000e+00   1.00000000e+00   1.67507578e-01   4.83830579e-05   1.09466204e+00   1.69074359e+00
 9.30000000e-01   0.00000000e+00   1.00000000e+00   1.58504498e-01   2.17170319e-04   1.06285184e+00   1.70846153e+00
 9.60000000e-01   0.00000000e+00   1.00000000e+00   1.50413442e-01   1.72260134e-05   1.03939043e+00   1.70991758e+00
 9.90000000e-01   0.00000000e+00   1.00000000e+00   1.43502524e-01  -7.88998335e-05   1.04140080e+00   1.70557345e+00
 1.02000000e+00   0.00000000e+00   1.00000000e+00   1.33722384e-01   1.59832440e-04   1.04403583e+00   1.72109537e+00
 1.05000000e+00   0.00000000e+00   1.00000000e+00   1.21231455e-01   1.76846565e-04   9.96503274e-01   1.73560085e+00
 1.08000000e+00   0.00000000e+00   1.00000000e+00   1.09047723e-01  -6.23113596e-05   9.56743048e-01   1.73647612e+00
 1.11000000e+00   0.00000000e+00   1.00000000e+00   9.60286471e-02   1.35926222e-05   9.22731933e-01   1.74483853e+00
 1.14000000e+00   0.00000000e+00   1.00000000e+00   8.18212431e-02   2.34435241e-04   8.80762665e-01   1.76609012e+00
 1.17000000e+00   0.00000000e+00   1.00000000e+00   6.89166103e-02   8.81548888e-05   8.20885240e-01   1.76806475e+00
 1.20000000e+00   0.00000000e+00   1.00000000e+00   5.98563019e-02  -7.17260648e-05   8.03494169e-01   1.75699927e+00
 1.23000000e+00   0.00000000e+00   1.00000000e+00   5.10215134e-02   1.35785910e-04   7.97930366e-01   1.75814420e+00
 1.26000000e+00   0.00000000e+00   1.00000000e+00   4.23100900e-02   2.24995784e-04   7.80269058e-01   1.76297531e+00
 1.29000000e+00   0.00000000e+00   1.00000000e+00   3.47177722e-02  -9.72734262e-06   7.61245943e-01   1.74959548e+00
 1.32000000e+00   0.00000000e+00   1.00000000e+00   2.80099086e-02  -1.22270861e-05   7.62323414e-01   1.74033940e+00
 1.35000000e+00   0.00000000e+00   1.00000000e+00   1.86553773e-02   2.25240512e-04   7.46177351e-01   1.74982727e+00
 1.38000000e+00   0.00000000e+00   1.00000000e+00   1.00020028e-02   1.49616673e-04   7.08415150e-01   1.75048907e+00
 1.41000000e+00   0.00000000e+00   1.00000000e+00   4.04641130e-03  -5.46252941e-05   6.84656103e-01   1.73304832e+00
 1.44000000e+00   0.00000000e+00   1.00000000e+00   1.65007545e-05   9.60551279e-05   6.75826728e-01   1.72655224e+00
 1.47000000e+00   0.00000000e+00   1.00000000e+00  -3.15428111e-03   2.48099703e-04   6.63651217e-01   1.72620455e+00
 1.50000000e+00   0.00000000e+00   1.00000000e+00  -2.40508818e-03   4.54727144e-05   6.46923605e-01   1.70582434e+00
 1.53000000e+00   0.00000000e+00   1.00000000e+00   9.15798209e-04  -3.77976037e-05   6.65360204e-01   1.68248895e+00
 1.56000000e+00   0.00000000e+00   1.00000000e+00   3.56026992e-03   1.88803733e-04   6.81607877e-01   1.67810433e+00
 1.59000000e+00   0.00000000e+00   1.00000000e+00   5.75590768e-03   1.89104419e-04   6.80811090e-01   1.67293434e+00
 1.62000000e+00   0.00000000e+00   1.00000000e+00   9.44950757e-03  -3.96769865e-05   6.76693110e-01   1.65405636e+00
 1.65000000e+00   0.00000000e+00   1.00000000e+00   1.34243138e-02   3.72593651e-05   6.90885065e-01   1.64531216e+00
 1.68000000e+00   0.00000000e+00   1.00000000e+00   1.66594891e-02   2.37436125e-04   6.81594782e-01   1.64766524e+00
 1.71000000e+00   0.00000000e+00   1.00000000e+00   2.27917504e-02   8.89708820e-05   6.71369924e-01   1.63703694e+00
 1.74000000e+00   0.00000000e+00   1.00000000e+00   3.22622330e-02  -6.33413612e-05   6.83917091e-01   1.61665527e+00
 1.77000000e+00   0.00000000e+00   1.00000000e+00   4.27543900e-02   1.32442899e-04   7.17201843e-01   1.61162576e+00
 1.80000000e+00   0.00000000e+00   1.00000000e+00   5.31539696e-02   2.08264051e-04   7.34845741e-01   1.60742073e+00
 1.83000000e+00   0.00000000e+00   1.00000000e+00   6.56560189e-02  -2.20078768e-05   7.66691843e-01   1.59215037e+00
 1.86000000e+00   0.00000000e+00   1.00000000e+00   7.72058329e-02  -2.40566054e-05   8.11237077e-01   1.58272310e+00
 1.89000000e+00   0.00000000e+00   1.00000000e+00   8.63388120e-02   2.00632222e-04   8.35553199e-01   1.58870220e+00
 1.92000000e+00   0.00000000e+00   1.00000000e+00   9.46486195e-02   1.18152376e-04   8.33992987e-01   1.58729066e+00
 1.95000000e+00   0.00000000e+00   1.00000000e+00   1.04661620e-01  -8.02545535e-05   8.50696289e-01   1.58018567e+00
 1.98000000e+00   0.00000000e+00   1.00000000e+00   1.14013109e-01   6.94350961e-05   8.78096666e-01   1.58226531e+00
 2.01000000e+00   0.00000000e+00   1.00000000e+00   1.23477410e-01   2.10729280e-04   8.90262040e-01   1.58841841e+00
 2.04000000e+00   0.00000000e+00   1.00000000e+00   1.34803509e-01   5.98950611e-06   9.19222285e-01   1.58174692e+00
 2.07000000e+00   0.00000000e+00   1.00000000e+00   1.46925648e-01  -6.83456228e-05   9.78961453e-01   1.57683858e+00
 2.10000000e+00   0.00000000e+00   1.00000000e+00   1.56292155e-01   1.55890755e-04   1.02926000e+00   1.58324246e+00
 2.13000000e+00   0.00000000e+00   1.00000000e+00   1.63730419e-01   1.46109730e-04   1.04502968e+00   1.58730913e+00
 2.16000000e+00   0.00000000e+00   1.00000000e+00   1.70493237e-01  -7.69091312e-05   1.07337351e+00   1.58570723e+00
 2.19000000e+00   0.00000000e+00   1.00000000e+00   1.74624856e-01   8.97502443e-06   1.09153710e+00   1.59304148e+00
 2.22000000e+00   0.00000000e+00   1.00000000e+00   1.76206734e-01   2.00186146e-04   1.08243130e+00   1.60789201e+00
 2.25000000e+00   0.00000000e+00   1.00000000e+00   1.78263197e-01   4.81734997e-05   1.06528770e+00   1.61156176e+00
 2.28000000e+00   0.00000000e+00   1.00000000e+00   1.81570342e-01  -8.81842195e-05   1.08976674e+00   1.61303974e+00
 2.31000000e+00   0.00000000e+00   1.00000000e+00   1.83243808e-01   1.09982345e-04   1.10899352e+00   1.62280327e+00
 2.34000000e+00   0.00000000e+00   1.00000000e+00   1.84243717e-01   1.75133286e-04   1.11800852e+00   1.63143999e+00
 2.37000000e+00   0.00000000e+00   1.00000000e+00   1.85067214e-01  -4.58570502e-05   1.13435615e+00   1.62938010e+00
 2.40000000e+00   0.00000000e+00   1.00000000e+00   1.83850952e-01  -3.37119321e-05   1.16307679e+00   1.63662639e+00
 2.43000000e+00   0.00000000e+00   1.00000000e+00   1.78375836e-01   1.82376212e-04   1.14477079e+00   1.65317144e+00
 2.46000000e+00   0.00000000e+00   1.00000000e+00   1.71801316e-01   9.72393591e-05   1.10697729e+00   1.66393287e+00
 2.49000000e+00   0.00000000e+00   1.00000000e+00   1.64840238e-01  -8.39027053e-05   1.08333796e+00   1.66926645e+00
 2.52000000e+00   0.00000000e+00   1.00000000e+00   1.56688094e-01   6.92640848e-05   1.06018578e+00   1.68532722e+00
 2.55000000e+00   0.00000000e+00   1.00000000e+00   1.47894505e-01   2.00531772e-04   1.02039286e+00   1.69978465e+00
 2.58000000e+00   0.00000000e+00   1.00000000e+00   1.41308420e-01   6.64157605e-06   1.00065603e+00   1.69928115e+00
 2.61000000e+00   0.00000000e+00   1.00000000e+00   1.34909110e-01  -5.24115909e-05   1.00935104e+00   1.70034482e+00
 2.64000000e+00   0.00000000e+00   1.00000000e+00   1.26524369e-01   1.64071879e-04   9.99233203e-01   1.71296748e+00
 2.67000000e+00   0.00000000e+00   1.00000000e+00   1.17134622e-01   1.50289880e-04   9.72731350e-01   1.71990632e+00
 2.70000000e+00   0.00000000e+00   1.00000000e+00   1.07640746e-01  -5.54722982e-05   9.51082139e-01   1.71937841e+00
 2.73000000e+00   0.00000000e+00   1.00000000e+00   9.61264208e-02   3.63592123e-05   9.28296749e-01   1.73165437e+00
 2.76000000e+00   0.00000000e+00   1.00000000e+00   8.32125998e-02   2.15767460e-04   8.75689832e-01   1.74765837e+00
 2.79000000e+00   0.00000000e+00   1.00000000e+00   7.23346493e-02   6.93618948e-05   8.32499255e-01   1.74809882e+00
 2.82000000e+00   0.00000000e+00   1.00000000e+00   6.33547472e-02  -5.11108221e-05   8.11469792e-01   1.74318480e+00
 2.85000000e+00   0.00000000e+00   1.00000000e+00   5.48412115e-02   1.42066003e-04   7.97926433e-01   1.74872871e+00
 2.88000000e+00   0.00000000e+00   1.00000000e+00   4.74753844e-02   1.98366397e-04   7.74036972e-01   1.74694583e+00
 2.91000000e+00   0.00000000e+00   1.00000000e+00   4.24350117e-02  -1.01535489e-05   7.71138224e-01   1.73307702e+00
 2.94000000e+00   0.00000000e+00   1.00000000e+00   3.65890906e-02   9.38027144e-06   7.74453455e-01   1.72846875e+00
 2.97000000e+00   0.00000000e+00   1.00000000e+00   2.93656603e-02   2.12350840e-04   7.58410910e-01   1.73468743e+00
 3.00000000e+00   0.00000000e+00   1.00000000e+00   2.26886016e-02   1.24584983e-04   7.30246959e-01   1.72964078e+00
 3.03000000e+00   0.00000000e+00   1.00000000e+00   1.76900539e-02  -4.29547649e-05   7.16145253e-01   1.71915282e+00
 3.06000000e+00   0.00000000e+00   1.00000000e+00   1.26366757e-02   1.06974941e-04   7.02921601e-01   1.71930872e+00
 3.09000000e+00   0.00000000e+00   1.00000000e+00   9.62528260e-03   2.24567317e-04   6.78901567e-01   1.71631584e+00
 3.12000000e+00   0.00000000e+00   1.00000000e+00   1.02281964e-02   3.43742734e-05   6.70817614e-01   1.69731604e+00
 3.15000000e+00   0.00000000e+00   1.00000000e+00   1.28321758e-02  -1.76582572e-05   6.84333830e-01   1.68186865e+00
 3.18000000e+00   0.00000000e+00   1.00000000e+00   1.51491519e-02   1.87155199e-04   6.95212875e-01   1.67751687e+00
 3.21000000e+00   0.00000000e+00   1.00000000e+00   1.85746436e-02   1.63709458e-04   6.95149232e-01   1.66680062e+00
 3.24000000e+00   0.00000000e+00   1.00000000e+00   2.28412285e-02  -3.55773259e-05   7.09601576e-01   1.65095697e+00
 3.27000000e+00   0.00000000e+00   1.00000000e+00   2.59246950e-02   5.49655636e-05   7.17855502e-01   1.64720204e+00
 3.30000000e+00   0.00000000e+00   1.00000000e+00   2.87358377e-02   2.19943980e-04   7.08747983e-01   1.64769766e+00
 3.33000000e+00   0.00000000e+00   1.00000000e+00   3.39690400e-02   7.02430575e-05   6.99516935e-01   1.63618190e+00
 3.36000000e+00   0.00000000e+00   1.00000000e+00   4.12551292e-02  -4.41541360e-05   7.14839125e-01   1.62432701e+00
 3.39000000e+00   0.00000000e+00   1.00000000e+00   4.89728526e-02   1.40796009e-04   7.27631444e-01   1.62136237e+00
 3.42000000e+00   0.00000000e+00   1.00000000e+00   5.86366077e-02   1.83798247e-04   7.42887261e-01   1.61447716e+00
 3.45000000e+00   0.00000000e+00   1.00000000e+00   6.99726129e-02  -2.25216963e-05   7.77253660e-01   1.59968076e+00
 3.48000000e+00   0.00000000e+00   1.00000000e+00   8.03558816e-02   5.30361054e-07   8.21447524e-01   1.59470172e+00
 3.51000000e+00   0.00000000e+00   1.00000000e+00   8.86154913e-02   1.91893413e-04   8.38495794e-01   1.59656143e+00
 3.54000000e+00   0.00000000e+00   1.00000000e+00   9.71150831e-02   9.69582330e-05   8.50486230e-01   1.59326876e+00
 3.57000000e+00   0.00000000e+00   1.00000000e+00   1.05228326e-01  -6.40979584e-05   8.70580312e-01   1.58881630e+00
 3.60000000e+00   0.00000000e+00   1.00000000e+00   1.12262978e-01   8.42743790e-05   8.82297847e-01   1.59403140e+00
 3.63000000e+00   0.00000000e+00   1.00000000e+00   1.19739282e-01   1.90003511e-04   8.84150389e-01   1.59696476e+00
 3.66000000e+00   0.00000000e+00   1.00000000e+00   1.29505322e-01   1.63791674e-06   9.11044218e-01   1.59166588e+00
 3.69000000e+00   0.00000000e+00   1.00000000e+00   1.39064432e-01  -4.24564299e-05   9.57488027e-01   1.58962024e+00
 3.72000000e+00   0.00000000e+00   1.00000000e+00   1.47264480e-01   1.56117052e-04   9.89704023e-01   1.59454367e+00
 3.75000000e+00   0.00000000e+00   1.00000000e+00   1.54946806e-01   1.25651139e-04   1.01805131e+00   1.59470277e+00
 3.78000000e+00   0.00000000e+00   1.00000000e+00   1.61527142e-01  -6.53643257e-05   1.05360871e+00   1.59370420e+00
 3.81000000e+00   0.00000000e+00   1.00000000e+00   1.64822914e-01   2.93829738e-05   1.07042803e+00   1.60196026e+00
 3.84000000e+00   0.00000000e+00   1.00000000e+00   1.66180899e-01   1.85445233e-04   1.05498351e+00   1.61253647e+00
 3.87000000e+00   0.00000000e+00   1.00000000e+00   1.67970635e-01   3.68783103e-05   1.05116273e+00   1.61620875e+00
 3.90000000e+00   0.00000000e+00   1.00000000e+00   1.69398133e-01  -6.57298871e-05   1.05955479e+00   1.62070159e+00
 3.93000000e+00   0.00000000e+00   1.00000000e+00   1.69852613e-01   1.18831241e-04   1.06258919e+00   1.63123960e+00
 3.96000000e+00   0.00000000e+00   1.00000000e+00   1.70784123e-01   1.55548432e-04   1.06428069e+00   1.63548590e+00
 3.99000000e+00   0.00000000e+00   1.00000000e+00   1.72115871e-01  -4.16023548e-05   1.09296139e+00   1.63498023e+00
 4.02000000e+00   0.00000000e+00   1.00000000e+00   1.70840838e-01  -8.63965418e-06   1.11126119e+00   1.64172645e+00
 4.05000000e+00   0.00000000e+00   1.00000000e+00   1.67061692e-01   1.76742371e-04   1.10142887e+00   1.65399107e+00
 4.08000000e+00   0.00000000e+00   1.00000000e+00   1.62203657e-01   8.02778238e-05   1.08183730e+00   1.65997858e+00
 4.11000000e+00   0.00000000e+00   1.00000000e+00   1.56058609e-01  -6.70309077e-05   1.06846434e+00   1.66816216e+00
 4.14000000e+00   0.00000000e+00   1.00000000e+00   1.47743514e-01   8.48343646e-05   1.03383629e+00   1.68361676e+00
 4.17000000e+00   0.00000000e+00   1.00000000e+00   1.39982549e-01   1.82784692e-04   9.94876235e-01   1.69460169e+00
 4.20000000e+00   0.00000000e+00   1.00000000e+00   1.33755766e-01   1.28523113e-06   9.79862089e-01   1.69518490e+00
 4.23000000e+00   0.00000000e+00   1.00000000e+00   1.27475019e-01  -2.86180264e-05   9.77992316e-01   1.69981601e+00
 4.26000000e+00   0.00000000e+00   1.00000000e+00   1.20248659e-01   1.65436646e-04   9.63828133e-01   1.70839550e+00
 4.29000000e+00   0.00000000e+00   1.00000000e+00   1.13482479e-01   1.29856121e-04   9.50509912e-01   1.70959200e+00
 4.32000000e+00   0.00000000e+00   1.00000000e+00   1.05885501e-01  -4.73490156e-05   9.46292594e-01   1.71038288e+00
 4.35000000e+00   0.00000000e+00   1.00000000e+00   9.59202535e-02   5.44089371e-05   9.21587674e-01   1.72142873e+00
 4.38000000e+00   0.00000000e+00   1.00000000e+00   8.51841041e-02   2.00401365e-04   8.79276545e-01   1.73199974e+00
 4.41000000e+00   0.00000000e+00   1.00000000e+00   7.57536010e-02   5.44754157e-05   8.44606166e-01   1.73219691e+00
 4.44000000e+00   0.00000000e+00   1.00000000e+00   6.68870402e-02  -3.27855566e-05   8.24048526e-01   1.73401089e+00
 4.47000000e+00   0.00000000e+00   1.00000000e+00   5.85253339e-02   1.48499418e-04   7.96292296e-01   1.73889146e+00
 4.50000000e+00   0.00000000e+00   1.00000000e+00   5.26123328e-02   1.75333413e-04   7.77485088e-01   1.73410701e+00
 4.53000000e+00   0.00000000e+00   1.00000000e+00   4.83996005e-02  -1.22740964e-05   7.77820072e-01   1.72300293e+00
 4.56000000e+00   0.00000000e+00   1.00000000e+00   4.36030758e-02   2.83927893e-05   7.80651323e-01   1.72085288e+00
 4.59000000e+00   0.00000000e+00   1.00000000e+00   3.82181754e-02   2.02629611e-04   7.65522535e-01   1.72113093e+00
 4.62000000e+00   0.00000000e+00   1.00000000e+00   3.37845637e-02   1.03032725e-04   7.52886506e-01   1.71430655e+00
 4.65000000e+00   0.00000000e+00   1.00000000e+00   2.90908877e-02  -3.24350437e-05   7.43854704e-01   1.70925376e+00
 4.68000000e+00   0.00000000e+00   1.00000000e+00   2.42084199e-02   1.17228428e-04   7.24518935e-01   1.71112706e+00
 4.71000000e+00   0.00000000e+00   1.00000000e+00   2.13358857e-02   2.02535228e-04   7.00647504e-01   1.70598044e+00
 4.74000000e+00   0.00000000e+00   1.00000000e+00   2.15547569e-02   2.47220641e-05   6.95383804e-01   1.69208447e+00
 4.77000000e+00   0.00000000e+00   1.00000000e+00   2.28138310e-02   1.38587050e-06   7.02195606e-01   1.68248423e+00
 4.80000000e+00   0.00000000e+00   1.00000000e+00   2.51758435e-02   1.84361363e-04   7.03863244e-01   1.67609115e+00
 4.83000000e+00   0.00000000e+00   1.00000000e+00   2.92616096e-02   1.39838747e-04   7.13007907e-01   1.66314117e+00
 4.86000000e+00   0.00000000e+00   1.00000000e+00   3.35775688e-02  -3.02337708e-05   7.32196778e-01   1.65129077e+00
 4.89000000e+00   0.00000000e+00   1.00000000e+00   3.64026874e-02   7.12012574e-05   7.39861878e-01   1.64854575e+00
 4.92000000e+00   0.00000000e+00   1.00000000e+00   3.94693139e-02   2.02658925e-04   7.31527699e-01   1.64574498e+00
 4.95000000e+00   0.00000000e+00   1.00000000e+00   4.40200458e-02   5.32072319e-05   7.32711510e-01   1.63680661e+00
 4.98000000e+00   0.00000000e+00   1.00000000e+00   4.90925568e-02  -2.67325593e-05   7.39097802e-01   1.63073494e+00
 5.01000000e+00   0.00000000e+00   1.00000000e+00   5.50531734e-02   1.47614053e-04   7.41880827e-01   1.62841462e+00
 5.04000000e+00   0.00000000e+00   1.00000000e+00   6.34875888e-02   1.61861595e-04   7.52941821e-01   1.61996440e+00
 5.07000000e+00   0.00000000e+00   1.00000000e+00   7.33660439e-02  -2.21476828e-05   7.88408308e-01   1.60902520e+00
 5.10000000e+00   0.00000000e+00   1.00000000e+00   8.22294903e-02   2.21448825e-05   8.20357379e-01   1.60484335e+00
 5.13000000e+00   0.00000000e+00   1.00000000e+00   9.05346270e-02   1.83733042e-04   8.41034322e-01   1.60369607e+00
 5.16000000e+00   0.00000000e+00   1.00000000e+00   9.87295502e-02   7.77994599e-05   8.63051707e-01   1.59893989e+00
 5.19000000e+00   0.00000000e+00   1.00000000e+00   1.05611573e-01  -4.89720704e-05   8.84579443e-01   1.59791257e+00
 5.22000000e+00   0.00000000e+00   1.00000000e+00   1.10997963e-01   9.91273271e-05   8.85414627e-01   1.60211681e+00
 5.25000000e+00   0.00000000e+00   1.00000000e+00   1.17427852e-01   1.70832122e-04   8.87383334e-01   1.60391550e+00
 5.28000000e+00   0.00000000e+00   1.00000000e+00   1.24999922e-01  -4.47379399e-06   9.09107368e-01   1.60081785e+00
 5.31000000e+00   0.00000000e+00   1.00000000e+00   1.32326741e-01  -1.70728814e-05   9.36820966e-01   1.60160004e+00
 5.34000000e+00   0.00000000e+00   1.00000000e+00   1.39440175e-01   1.57979148e-04   9.59039880e-01   1.60380589e+00
 5.37000000e+00   0.00000000e+00   1.00000000e+00   1.47035120e-01   1.04480058e-04   9.93280726e-01   1.60247145e+00
 5.40000000e+00   0.00000000e+00   1.00000000e+00   1.52952651e-01  -5.46682703e-05   1.03099875e+00   1.60244187e+00
 5.43000000e+00   0.00000000e+00   1.00000000e+00   1.56058499e-01   5.18138963e-05   1.04239684e+00   1.60921016e+00
 5.46000000e+00   0.00000000e+00   1.00000000e+00   1.57855074e-01   1.71809379e-04   1.03798031e+00   1.61630651e+00
 5.49000000e+00   0.00000000e+00   1.00000000e+00   1.59236943e-01   2.36520457e-05   1.03901803e+00   1.62045949e+00
 5.52000000e+00   0.00000000e+00   1.00000000e+00   1.59265545e-01  -4.25913729e-05   1.03773798e+00   1.62757098e+00
 5.55000000e+00   0.00000000e+00   1.00000000e+00   1.58859941e-01   1.28845929e-04   1.02560970e+00   1.63635437e+00
 5.58000000e+00   0.00000000e+00   1.00000000e+00   1.59660124e-01   1.34855271e-04   1.03060258e+00   1.63964998e+00
 5.61000000e+00   0.00000000e+00   1.00000000e+00   1.60389012e-01  -3.81444117e-05   1.05182361e+00   1.64070361e+00
 5.64000000e+00   0.00000000e+00   1.00000000e+00   1.59315195e-01   1.64439714e-05   1.06407464e+00   1.64703652e+00
 5.67000000e+00   0.00000000e+00   1.00000000e+00   1.56958421e-01   1.69371946e-04   1.06045025e+00   1.65391038e+00
 5.70000000e+00   0.00000000e+00   1.00000000e+00   1.53721549e-01   6.23483609e-05   1.06092241e+00   1.65861877e+00
 5.73000000e+00   0.00000000e+00   1.00000000e+00   1.48063062e-01  -4.96795261e-05   1.04803050e+00   1.66719039e+00
 5.76000000e+00   0.00000000e+00   1.00000000e+00   1.40676064e-01   9.97646688e-05   1.01402760e+00   1.68035379e+00
 5.79000000e+00   0.00000000e+00   1.00000000e+00   1.33747843e-01   1.62606882e-04   9.80836184e-01   1.68853556e+00
 5.82000000e+00   0.00000000e+00   1.00000000e+00   1.27629809e-01  -3.82722922e-06   9.66301503e-01   1.69242627e+00
 5.85000000e+00   0.00000000e+00   1.00000000e+00   1.21092138e-01  -4.26478426e-06   9.51464142e-01   1.69851042e+00
 5.88000000e+00   0.00000000e+00   1.00000000e+00   1.15111517e-01   1.64664201e-04   9.35690148e-01   1.70344435e+00
 5.91000000e+00   0.00000000e+00   1.00000000e+00   1.09919776e-01   1.08327371e-04   9.33324985e-01   1.70267338e+00
 5.94000000e+00   0.00000000e+00   1.00000000e+00   1.03686862e-01  -3.75592068e-05   9.32985290e-01   1.70453510e+00
 5.97000000e+00   0.00000000e+00   1.00000000e+00   9.54969467e-02   7.25789673e-05   9.12386055e-01   1.71214729e+00
 6.00000000e+00   0.00000000e+00   1.00000000e+00   8.71017760e-02   1.83423945e-04   8.82188784e-01   1.71778964e+00
 6.03000000e+00   0.00000000e+00   1.00000000e+00   7.88686087e-02   4.05050821e-05   8.59191428e-01   1.72002671e+00
 6.06000000e+00   0.00000000e+00   1.00000000e+00   7.02200425e-02  -1.36541383e-05   8.32111111e-01   1.72480948e+00
 6.09000000e+00   0.00000000e+00   1.00000000e+00   6.25209882e-02   1.52606273e-04   8.01545166e-01   1.72820557e+00
 6.12000000e+00   0.00000000e+00   1.00000000e+00   5.73069695e-02   1.51697809e-04   7.84371161e-01   1.72329002e+00
 6.15000000e+00   0.00000000e+00   1.00000000e+00   5.33198864e-02  -1.08974935e-05   7.84718780e-01   1.71671807e+00
 6.18000000e+00   0.00000000e+00   1.00000000e+00   4.92015015e-02   4.88259678e-05   7.80300963e-01   1.71389938e+00
 6.21000000e+00   0.00000000e+00   1.00000000e+00   4.57631629e-02   1.90432300e-04   7.73121326e-01   1.70998480e+00
 6.24000000e+00   0.00000000e+00   1.00000000e+00   4.27260163e-02   8.22705629e-05   7.71109210e-01   1.70350132e+00
 6.27000000e+00   0.00000000e+00   1.00000000e+00   3.87408864e-02  -1.86263232e-05   7.64978214e-01   1.70146904e+00
 6.30000000e+00   0.00000000e+00   1.00000000e+00   3.44724059e-02   1.26995720e-04   7.43748380e-01   1.70165911e+00
 6.33000000e+00   0.00000000e+00   1.00000000e+00   3.21210041e-02   1.78365189e-04   7.25721410e-01   1.69667858e+00
 6.36000000e+00   0.00000000e+00   1.00000000e+00   3.13901811e-02   1.64008804e-05   7.20279068e-01   1.68841720e+00
 6.39000000e+00   0.00000000e+00   1.00000000e+00   3.16910381e-02   2.27383401e-05   7.17067044e-01   1.68217196e+00
 6.42000000e+00   0.00000000e+00   1.00000000e+00   3.38789587e-02   1.80214943e-04   7.15306341e-01   1.67396495e+00
 6.45000000e+00   0.00000000e+00   1.00000000e+00   3.80592156e-02   1.14724560e-04   7.28802142e-01   1.66219195e+00
 6.48000000e+00   0.00000000e+00   1.00000000e+00   4.19603988e-02  -2.22271509e-05   7.47963764e-01   1.65317378e+00
 6.51000000e+00   0.00000000e+00   1.00000000e+00   4.50964018e-02   8.83717207e-05   7.53766710e-01   1.64900154e+00
 6.54000000e+00   0.00000000e+00   1.00000000e+00   4.86416236e-02   1.82802531e-04   7.55090624e-01   1.64409721e+00
 6.57000000e+00   0.00000000e+00   1.00000000e+00   5.25181674e-02   3.79430578e-05   7.60706110e-01   1.63833667e+00
 6.60000000e+00   0.00000000e+00   1.00000000e+00   5.60545826e-02  -6.15569777e-06   7.61283006e-01   1.63541248e+00
 6.63000000e+00   0.00000000e+00   1.00000000e+00   6.08081941e-02   1.51735603e-04   7.56836580e-01   1.63245043e+00
 6.66000000e+00   0.00000000e+00   1.00000000e+00   6.78717401e-02   1.37391934e-04   7.68845282e-01   1.62539036e+00
 6.69000000e+00   0.00000000e+00   1.00000000e+00   7.57753200e-02  -1.86449539e-05   7.94446290e-01   1.61799349e+00
 6.72000000e+00   0.00000000e+00   1.00000000e+00   8.35235966e-02   4.55988884e-05   8.17835543e-01   1.61375918e+00
 6.75000000e+00   0.00000000e+00   1.00000000e+00   9.16613627e-02   1.72656828e-04   8.40855252e-01   1.60976376e+00
 6.78000000e+00   0.00000000e+00   1.00000000e+00   9.94779614e-02   5.91395811e-05   8.71551024e-01   1.60587189e+00
 6.81000000e+00   0.00000000e+00   1.00000000e+00   1.05348144e-01  -3.11813679e-05   8.88889196e-01   1.60553525e+00
 6.84000000e+00   0.00000000e+00   1.00000000e+00   1.10231262e-01   1.10444572e-04   8.90123172e-01   1.60832096e+00
 6.87000000e+00   0.00000000e+00   1.00000000e+00   1.15660242e-01   1.48559548e-04   8.94793069e-01   1.60934897e+00
 6.90000000e+00   0.00000000e+00   1.00000000e+00   1.21296227e-01  -7.14959796e-06   9.09586976e-01   1.60955728e+00
 6.93000000e+00   0.00000000e+00   1.00000000e+00   1.26636617e-01   7.90979477e-06   9.20328049e-01   1.61090923e+00
 6.96000000e+00   0.00000000e+00   1.00000000e+00   1.32915563e-01   1.54747338e-04   9.37646112e-01   1.61175700e+00
 6.99000000e+00   0.00000000e+00   1.00000000e+00   1.39655760e-01   8.52593750e-05   9.71631048e-01   1.61038680e+00
 7.02000000e+00   0.00000000e+00   1.00000000e+00   1.44873727e-01  -3.98030492e-05   1.00306986e+00   1.61112908e+00
 7.05000000e+00   0.00000000e+00   1.00000000e+00   1.48152364e-01   7.01351590e-05   1.01530410e+00   1.61512040e+00
 7.08000000e+00   0.00000000e+00   1.00000000e+00   1.50575726e-01   1.54204281e-04   1.02270076e+00   1.61981275e+00
 7.11000000e+00   0.00000000e+00   1.00000000e+00   1.51564974e-01   1.50369998e-05   1.02820035e+00   1.62488357e+00
 7.14000000e+00   0.00000000e+00   1.00000000e+00   1.50846021e-01  -1.93790226e-05   1.01753841e+00   1.63225229e+00
 7.17000000e+00   0.00000000e+00   1.00000000e+00   1.50122336e-01   1.32164362e-04   1.00356687e+00   1.63942047e+00
 7.20000000e+00   0.00000000e+00   1.00000000e+00   1.50350997e-01   1.14233937e-04   1.00113844e+00   1.64083716e+00
 7.23000000e+00   0.00000000e+00   1.00000000e+00   1.50225129e-01  -3.02413645e-05   1.01682871e+00   1.64628885e+00
 7.26000000e+00   0.00000000e+00   1.00000000e+00   1.49268379e-01   3.96639529e-05   1.02104712e+00   1.65085846e+00
 7.29000000e+00   0.00000000e+00   1.00000000e+00   1.48138567e-01   1.58909642e-04   1.02783480e+00   1.65449585e+00
 7.32000000e+00   0.00000000e+00   1.00000000e+00   1.45809072e-01   4.81044763e-05   1.03603012e+00   1.65847855e+00
 7.35000000e+00   0.00000000e+00   1.00000000e+00   1.41045783e-01  -3.03771525e-05   1.02596599e+00   1.66620233e+00
 7.38000000e+00   0.00000000e+00   1.00000000e+00   1.34928698e-01   1.10010904e-04   9.97635816e-01   1.67555904e+00
 7.41000000e+00   0.00000000e+00   1.00000000e+00   1.28957990e-01   1.42566132e-04   9.74945383e-01   1.68314799e+00
 7.44000000e+00   0.00000000e+00   1.00000000e+00   1.22646801e-01  -4.39062077e-06   9.55571987e-01   1.68946230e+00
 7.47000000e+00   0.00000000e+00   1.00000000e+00   1.16262085e-01   1.88068881e-05   9.32448320e-01   1.69557134e+00
 7.50000000e+00   0.00000000e+00   1.00000000e+00   1.11077491e-01   1.59826467e-04   9.17227840e-01   1.69818129e+00
 7.53000000e+00   0.00000000e+00   1.00000000e+00   1.06730028e-01   8.96989483e-05   9.18531130e-01   1.69836661e+00
 7.56000000e+00   0.00000000e+00   1.00000000e+00   1.01357328e-01  -2.39078589e-05   9.16219381e-01   1.70016623e+00
 7.59000000e+00   0.00000000e+00   1.00000000e+00   9.51130443e-02   8.80934077e-05   9.01345076e-01   1.70369757e+00
 7.62000000e+00   0.00000000e+00   1.00000000e+00   8.87136216e-02   1.64422468e-04   8.85966123e-01   1.70659877e+00
 7.65000000e+00   0.00000000e+00   1.00000000e+00   8.15543741e-02   3.01650321e-05   8.68754678e-01   1.71039686e+00
 7.68000000e+00   0.00000000e+00   1.00000000e+00   7.35883664e-02   5.95403547e-06   8.40047328e-01   1.71529274e+00
 7.71000000e+00   0.00000000e+00   1.00000000e+00   6.67714526e-02   1.52632064e-04   8.10523874e-01   1.71711564e+00
 7.74000000e+00   0.00000000e+00   1.00000000e+00   6.18010439e-02   1.29205820e-04   7.96343902e-01   1.71485301e+00
 7.77000000e+00   0.00000000e+00   1.00000000e+00   5.76150101e-02  -5.63441234e-06   7.89200818e-01   1.71152773e+00
 7.80000000e+00   0.00000000e+00   1.00000000e+00   5.41884115e-02   6.68171032e-05   7.81326225e-01   1.70737425e+00
 7.83000000e+00   0.00000000e+00   1.00000000e+00   5.20464795e-02   1.76358063e-04   7.79831845e-01   1.70144727e+00
 7.86000000e+00   0.00000000e+00   1.00000000e+00   4.99545467e-02   6.60756378e-05   7.84884344e-01   1.69664993e+00
 7.89000000e+00   0.00000000e+00   1.00000000e+00   4.67644745e-02  -3.69708833e-06   7.78360835e-01   1.69446302e+00
 7.92000000e+00   0.00000000e+00   1.00000000e+00   4.36850576e-02   1.31906560e-04   7.62673295e-01   1.69249629e+00
 7.95000000e+00   0.00000000e+00   1.00000000e+00   4.16505787e-02   1.55403172e-04   7.51033435e-01   1.68903083e+00
 7.98000000e+00   0.00000000e+00   1.00000000e+00   4.02231898e-02   1.36235797e-05   7.43125147e-01   1.68527615e+00
 8.01000000e+00   0.00000000e+00   1.00000000e+00   3.98163688e-02   4.09524559e-05   7.32153207e-01   1.67996522e+00
 8.04000000e+00   0.00000000e+00   1.00000000e+00   4.17813554e-02   1.72318333e-04   7.30061771e-01   1.67191007e+00
 8.07000000e+00   0.00000000e+00   1.00000000e+00   4.52908564e-02   9.70675715e-05   7.43257511e-01   1.66292998e+00
 8.10000000e+00   0.00000000e+00   1.00000000e+00   4.87844462e-02  -1.02614291e-05   7.57245803e-01   1.65538430e+00
 8.13000000e+00   0.00000000e+00   1.00000000e+00   5.23233745e-02   9.91629619e-05   7.64899596e-01   1.64893055e+00
 8.16000000e+00   0.00000000e+00   1.00000000e+00   5.62803629e-02   1.64503385e-04   7.75164875e-01   1.64374139e+00
 8.19000000e+00   0.00000000e+00   1.00000000e+00   5.95755518e-02   3.01996768e-05   7.83325136e-01   1.64034982e+00
 8.22000000e+00   0.00000000e+00   1.00000000e+00   6.23696834e-02   1.07384144e-05   7.79410835e-01   1.63793191e+00
 8.25000000e+00   0.00000000e+00   1.00000000e+00   6.63453141e-02   1.49917953e-04   7.75888024e-01   1.63474100e+00
 8.28000000e+00   0.00000000e+00   1.00000000e+00   7.18615615e-02   1.18631099e-04   7.85318355e-01   1.63054440e+00
 8.31000000e+00   0.00000000e+00   1.00000000e+00   7.78922809e-02  -1.15705766e-05   8.00323204e-01   1.62577805e+00
 8.34000000e+00   0.00000000e+00   1.00000000e+00   8.46399620e-02   6.16213141e-05   8.15541826e-01   1.62066702e+00
 8.37000000e+00   0.00000000e+00   1.00000000e+00   9.23303494e-02   1.60996597e-04   8.42102646e-01   1.61607171e+00
 8.40000000e+00   0.00000000e+00   1.00000000e+00   9.93879176e-02   4.85698437e-05   8.72316091e-01   1.61314938e+00
 8.43000000e+00   0.00000000e+00   1.00000000e+00   1.04813958e-01  -1.47488167e-05   8.88290457e-01   1.61218252e+00
 8.46000000e+00   0.00000000e+00   1.00000000e+00   1.09592374e-01   1.16494248e-04   8.94037343e-01   1.61285053e+00
 8.49000000e+00   0.00000000e+00   1.00000000e+00   1.14266192e-01   1.31384997e-04   9.03715914e-01   1.61476678e+00
 8.52000000e+00   0.00000000e+00   1.00000000e+00   1.18230183e-01  -5.93797507e-06   9.09326269e-01   1.61668772e+00
 8.55000000e+00   0.00000000e+00   1.00000000e+00   1.22273743e-01   2.64237822e-05   9.10797668e-01   1.61795604e+00
 8.58000000e+00   0.00000000e+00   1.00000000e+00   1.27490005e-01   1.49728346e-04   9.24526097e-01   1.61834915e+00
 8.61000000e+00   0.00000000e+00   1.00000000e+00   1.33023658e-01   7.16822063e-05   9.52433102e-01   1.61854462e+00
 8.64000000e+00   0.00000000e+00   1.00000000e+00   1.37455309e-01  -2.63977273e-05   9.74630238e-01   1.61880902e+00
 8.67000000e+00   0.00000000e+00   1.00000000e+00   1.41097378e-01   8.29901577e-05   9.90464150e-01   1.62036361e+00
 8.70000000e+00   0.00000000e+00   1.00000000e+00   1.43854036e-01   1.40151629e-04   1.00750994e+00   1.62386979e+00
 8.73000000e+00   0.00000000e+00   1.00000000e+00   1.44668913e-01   1.05135684e-05   1.01357145e+00   1.62917277e+00
 8.76000000e+00   0.00000000e+00   1.00000000e+00   1.43848262e-01  -7.57388389e-07   1.00135315e+00   1.63510163e+00
 8.79000000e+00   0.00000000e+00   1.00000000e+00   1.43097290e-01   1.33351653e-04   9.90147032e-01   1.64121040e+00
 8.82000000e+00   0.00000000e+00   1.00000000e+00   1.42552166e-01   9.90693926e-05   9.89846117e-01   1.64670474e+00
 8.85000000e+00   0.00000000e+00   1.00000000e+00   1.41587785e-01  -2.13896284e-05   9.88450808e-01   1.65075450e+00
 8.88000000e+00   0.00000000e+00   1.00000000e+00   1.40756098e-01   5.54422328e-05   9.88262813e-01   1.65339970e+00
 8.91000000e+00   0.00000000e+00   1.00000000e+00   1.40211557e-01   1.48480927e-04   9.99332406e-01   1.65606812e+00
 8.94000000e+00   0.00000000e+00   1.00000000e+00   1.38418179e-01   3.95954133e-05   1.00972162e+00   1.66011978e+00
 8.97000000e+00   0.00000000e+00   1.00000000e+00   1.34694814e-01  -1.37701416e-05   1.00152112e+00   1.66526912e+00
 9.00000000e+00   0.00000000e+00   1.00000000e+00   1.30092368e-01   1.15276019e-04   9.85476995e-01   1.67160136e+00
 9.03000000e+00   0.00000000e+00   1.00000000e+00   1.24858673e-01   1.25958039e-04   9.69872567e-01   1.67914893e+00
 9.06000000e+00   0.00000000e+00   1.00000000e+00   1.18684558e-01  -2.53997628e-06   9.47298889e-01   1.68644706e+00
 9.09000000e+00   0.00000000e+00   1.00000000e+00   1.12656993e-01   3.54079719e-05   9.20431611e-01   1.69123328e+00
 9.12000000e+00   0.00000000e+00   1.00000000e+00   1.07980432e-01   1.53325351e-04   9.07374326e-01   1.69390499e+00
 9.15000000e+00   0.00000000e+00   1.00000000e+00   1.03767949e-01   7.67462511e-05   9.05101284e-01   1.69571553e+00
 9.18000000e+00   0.00000000e+00   1.00000000e+00   9.91658912e-02  -1.16803535e-05   8.99079290e-01   1.69648239e+00
 9.21000000e+00   0.00000000e+00   1.00000000e+00   9.45586550e-02   9.72389140e-05   8.91137804e-01   1.69666149e+00
 9.24000000e+00   0.00000000e+00   1.00000000e+00   8.97400287e-02   1.49404598e-04   8.86710958e-01   1.69876429e+00
 9.27000000e+00   0.00000000e+00   1.00000000e+00   8.36146665e-02   2.54726827e-05   8.73097664e-01   1.70262978e+00
 9.30000000e+00   0.00000000e+00   1.00000000e+00   7.68389069e-02   2.03577976e-05   8.46746700e-01   1.70557757e+00
 9.33000000e+00   0.00000000e+00   1.00000000e+00   7.09233731e-02   1.49462476e-04   8.23403343e-01   1.70708002e+00
 9.36000000e+00   0.00000000e+00   1.00000000e+00   6.59563075e-02   1.13476926e-04   8.08552988e-01   1.70797204e+00
 9.39000000e+00   0.00000000e+00   1.00000000e+00   6.16049015e-02   5.24774357e-07   7.94535300e-01   1.70627163e+00
 9.42000000e+00   0.00000000e+00   1.00000000e+00   5.87040180e-02   7.78702140e-05   7.84334365e-01   1.70103814e+00
 9.45000000e+00   0.00000000e+00   1.00000000e+00   5.72205125e-02   1.63862003e-04   7.87073655e-01   1.69578641e+00
 9.48000000e+00   0.00000000e+00   1.00000000e+00   5.56284189e-02   5.69738768e-05   7.91993979e-01   1.69212439e+00
 9.51000000e+00   0.00000000e+00   1.00000000e+00   5.34722156e-02   9.01371119e-06   7.87467681e-01   1.68821120e+00
 9.54000000e+00   0.00000000e+00   1.00000000e+00   5.15794050e-02   1.32564329e-04   7.79656569e-01   1.68468070e+00
 9.57000000e+00   0.00000000e+00   1.00000000e+00   4.98806448e-02   1.37813602e-04   7.74085350e-01   1.68337877e+00
 9.60000000e+00   0.00000000e+00   1.00000000e+00   4.80757226e-02   1.43718235e-05   7.62567668e-01   1.68152960e+00
 9.63000000e+00   0.00000000e+00   1.00000000e+00   4.74338522e-02   5.37657621e-05   7.49239637e-01   1.67647707e+00
 9.66000000e+00   0.00000000e+00   1.00000000e+00   4.88393140e-02   1.63130997e-04   7.47258754e-01   1.67031364e+00
 9.69000000e+00   0.00000000e+00   1.00000000e+00   5.14114081e-02   8.43440990e-05   7.55787456e-01   1.66451668e+00
 9.72000000e+00   0.00000000e+00   1.00000000e+00   5.44434339e-02   1.01379913e-06   7.63617579e-01   1.65697899e+00
 9.75000000e+00   0.00000000e+00   1.00000000e+00   5.83095960e-02   1.06110577e-04   7.74442523e-01   1.64933047e+00
 9.78000000e+00   0.00000000e+00   1.00000000e+00   6.23092437e-02   1.48881598e-04   7.90494137e-01   1.64490704e+00
 9.81000000e+00   0.00000000e+00   1.00000000e+00   6.53407960e-02   2.61777467e-05   7.98643845e-01   1.64228937e+00
 9.84000000e+00   0.00000000e+00   1.00000000e+00   6.79753671e-02   2.46875624e-05   7.95747984e-01   1.63891173e+00
 9.87000000e+00   0.00000000e+00   1.00000000e+00   7.14261955e-02   1.45978521e-04   7.95712917e-01   1.63647718e+00
 9.90000000e+00   0.00000000e+00   1.00000000e+00   7.54611748e-02   1.03636345e-04   8.01541241e-01   1.63512474e+00
 9.93000000e+00   0.00000000e+00   1.00000000e+00   7.99722544e-02  -3.90777134e-06   8.06213056e-01   1.63158711e+00
 9.96000000e+00   0.00000000e+00   1.00000000e+00   8.57698443e-02   7.33187591e-05   8.17418523e-01   1.62623305e+00
 9.99000000e+00   0.00000000e+00   1.00000000e+00   9.25549622e-02   1.49679238e-04   8.42520562e-01   1.62260867e+00
 1.00000000e+01   0.00000000e+00   1.00000000e+00   9.47498066e-02   1.28355956e-04   8.52439119e-01   1.62084026e+00