  Time  Coordinate0  Coordinate1  Displacement0  Displacement1  Force0  Force1
 0.00000000e+00   0.00000000e+00   1.00000000e+00   0.00000000e+00   0.00000000e+00   2.29427968e+00  -3.02282515e-14
 1.00000000e-01   0.00000000e+00   1.00000000e+00   1.70740999e-02   3.91549668e-05   7.25475590e-01   2.16976093e+00
 2.00000000e-01   0.00000000e+00   1.00000000e+00   5.94949626e-02   9.83549042e-05   8.23017738e-01   1.92404824e+00
 3.00000000e-01   0.00000000e+00   1.00000000e+00   9.61770478e-02   1.64880545e-04   8.80322110e-01   1.79233364e+00
 4.00000000e-01   0.00000000e+00   1.00000000e+00   1.35722285e-01   1.94688221e-04   9.67672316e-01   1.71807324e+00
 5.00000000e-01   0.00000000e+00   1.00000000e+00   1.74732382e-01   2.03043303e-04   1.14512228e+00   1.68802622e+00
 6.00000000e-01   0.00000000e+00   1.00000000e+00   1.89412092e-01   1.95941044e-04   1.13693485e+00   1.65155911e+00
 7.00000000e-01   0.00000000e+00   1.00000000e+00   1.99706883e-01   1.50849261e-04   1.20117300e+00   1.65481910e+00
 8.00000000e-01   0.00000000e+00   1.00000000e+00   1.92654315e-01   8.32025675e-05   1.21208033e+00   1.66122321e+00
 9.00000000e-01   0.00000000e+00   1.00000000e+00   1.63741907e-01   2.27945962e-05   1.07928839e+00   1.67014331e+00
 1.00000000e+00   0.00000000e+00   1.00000000e+00   1.36723272e-01  -2.95610218e-05   1.03722445e+00   1.69438888e+00
 1.10000000e+00   0.00000000e+00   1.00000000e+00   9.62336424e-02  -6.26679971e-05   9.26873195e-01   1.71648784e+00
 1.20000000e+00   0.00000000e+00   1.00000000e+00   5.58174653e-02  -6.59181918e-05   7.97659252e-01   1.72546279e+00
 1.30000000e+00   0.00000000e+00   1.00000000e+00   3.07976459e-02  -3.96642078e-05   7.61229738e-01   1.73262127e+00
 1.40000000e+00   0.00000000e+00   1.00000000e+00   5.53322160e-03   1.65456102e-05   6.97737201e-01   1.72020190e+00
 1.50000000e+00   0.00000000e+00   1.00000000e+00  -5.08738384e-04   8.05058363e-05   6.52436159e-01   1.69903626e+00
 1.60000000e+00   0.00000000e+00   1.00000000e+00   1.12845433e-02   1.44863540e-04   6.87060420e-01   1.68281168e+00
 1.70000000e+00   0.00000000e+00   1.00000000e+00   2.56495824e-02   2.01886082e-04   6.79442416e-01   1.64915528e+00
 1.80000000e+00   0.00000000e+00   1.00000000e+00   5.94248866e-02   2.25516577e-04   7.47761447e-01   1.63792903e+00
 1.90000000e+00   0.00000000e+00   1.00000000e+00   9.50807342e-02   2.19362359e-04   8.57210216e-01   1.62577804e+00
 2.00000000e+00   0.00000000e+00   1.00000000e+00   1.24136246e-01   1.85898439e-04   8.97380530e-01   1.61039063e+00
 2.10000000e+00   0.00000000e+00   1.00000000e+00   1.58731807e-01   1.23381949e-04   1.05040824e+00   1.62392458e+00
 2.20000000e+00   0.00000000e+00   1.00000000e+00   1.74885156e-01   5.06306441e-05   1.09984292e+00   1.62093446e+00
 2.30000000e+00   0.00000000e+00   1.00000000e+00   1.79318327e-01  -1.85662912e-05   1.09576900e+00   1.62679884e+00
 2.40000000e+00   0.00000000e+00   1.00000000e+00   1.78604999e-01  -7.28107725e-05   1.15319475e+00   1.64806018e+00
 2.50000000e+00   0.00000000e+00   1.00000000e+00   1.54944063e-01  -9.54684880e-05   1.05165898e+00   1.65989128e+00
 2.60000000e+00   0.00000000e+00   1.00000000e+00   1.29520693e-01  -8.50715132e-05   9.81256265e-01   1.68123929e+00
 2.70000000e+00   0.00000000e+00   1.00000000e+00   1.01035688e-01  -4.36644578e-05   9.34697960e-01   1.70465783e+00
 2.80000000e+00   0.00000000e+00   1.00000000e+00   6.38282201e-02   2.52100060e-05   8.12337203e-01   1.71456832e+00
 2.90000000e+00   0.00000000e+00   1.00000000e+00   4.18888810e-02   1.00633377e-04   7.66699290e-01   1.71956488e+00
 3.00000000e+00   0.00000000e+00   1.00000000e+00   2.38946068e-02   1.72389213e-04   7.36737709e-01   1.71434248e+00
 3.10000000e+00   0.00000000e+00   1.00000000e+00   1.33924768e-02   2.26345947e-04   6.81965440e-01   1.69181710e+00
 3.20000000e+00   0.00000000e+00   1.00000000e+00   2.44699157e-02   2.45738715e-04   7.08217544e-01   1.67872301e+00
 3.30000000e+00   0.00000000e+00   1.00000000e+00   3.73771522e-02   2.35637010e-04   7.24396344e-01   1.65188356e+00
 3.40000000e+00   0.00000000e+00   1.00000000e+00   6.07586000e-02   1.91325744e-04   7.47764119e-01   1.63285696e+00
 3.50000000e+00   0.00000000e+00   1.00000000e+00   9.42981521e-02   1.20741239e-04   8.63287135e-01   1.62978109e+00
 3.60000000e+00   0.00000000e+00   1.00000000e+00   1.17721153e-01   4.52672378e-05   8.98805999e-01   1.61376656e+00
 3.70000000e+00   0.00000000e+00   1.00000000e+00   1.44297190e-01  -2.87262794e-05   9.83582719e-01   1.61984480e+00
 3.80000000e+00   0.00000000e+00   1.00000000e+00   1.63039653e-01  -8.25384527e-05   1.07777755e+00   1.62798689e+00
 3.90000000e+00   0.00000000e+00   1.00000000e+00   1.64055629e-01  -1.02477303e-04   1.04393975e+00   1.62822594e+00
 4.00000000e+00   0.00000000e+00   1.00000000e+00   1.64216362e-01  -9.04054283e-05   1.08206706e+00   1.64804776e+00
 4.10000000e+00   0.00000000e+00   1.00000000e+00   1.48596029e-01  -4.57406994e-05   1.04494961e+00   1.66314778e+00
 4.20000000e+00   0.00000000e+00   1.00000000e+00   1.23305833e-01   2.40639277e-05   9.46209462e-01   1.67752585e+00
 4.30000000e+00   0.00000000e+00   1.00000000e+00   1.02576274e-01   9.90512019e-05   9.26267805e-01   1.69834131e+00
 4.40000000e+00   0.00000000e+00   1.00000000e+00   7.24186196e-02   1.71911480e-04   8.38687252e-01   1.70745794e+00
 4.50000000e+00   0.00000000e+00   1.00000000e+00   5.00314168e-02   2.23005975e-04   7.71760376e-01   1.70753896e+00
 4.60000000e+00   0.00000000e+00   1.00000000e+00   3.87201485e-02   2.41943919e-04   7.66215992e-01   1.70591301e+00
 4.70000000e+00   0.00000000e+00   1.00000000e+00   2.74781096e-02   2.31146751e-04   7.18505669e-01   1.68594901e+00
 4.80000000e+00   0.00000000e+00   1.00000000e+00   3.42603524e-02   1.85560748e-04   7.20692831e-01   1.67129586e+00
 4.90000000e+00   0.00000000e+00   1.00000000e+00   4.83521847e-02   1.19544189e-04   7.61125614e-01   1.65536243e+00
 5.00000000e+00   0.00000000e+00   1.00000000e+00   6.37157507e-02   4.79784326e-05   7.62181217e-01   1.63313631e+00
 5.10000000e+00   0.00000000e+00   1.00000000e+00   9.21367866e-02  -2.06106567e-05   8.49723036e-01   1.63241383e+00
 5.20000000e+00   0.00000000e+00   1.00000000e+00   1.14172166e-01  -6.71902560e-05   9.10039328e-01   1.62377921e+00
 5.30000000e+00   0.00000000e+00   1.00000000e+00   1.32393830e-01  -8.57306252e-05   9.37669662e-01   1.62127636e+00
 5.40000000e+00   0.00000000e+00   1.00000000e+00   1.51373214e-01  -7.57321538e-05   1.03721322e+00   1.63451452e+00
 5.50000000e+00   0.00000000e+00   1.00000000e+00   1.53063010e-01  -3.32000873e-05   1.02401180e+00   1.63545345e+00
 5.60000000e+00   0.00000000e+00   1.00000000e+00   1.50621743e-01   2.75740853e-05   1.01634110e+00   1.64771564e+00
 5.70000000e+00   0.00000000e+00   1.00000000e+00   1.42335454e-01   9.37162296e-05   1.02971961e+00   1.66526020e+00
 5.80000000e+00   0.00000000e+00   1.00000000e+00   1.19555854e-01   1.57006674e-04   9.37083944e-01   1.67471703e+00
 5.90000000e+00   0.00000000e+00   1.00000000e+00   1.01498520e-01   1.99226780e-04   9.03916462e-01   1.68951674e+00
 6.00000000e+00   0.00000000e+00   1.00000000e+00   8.01099112e-02   2.15501302e-04   8.64348761e-01   1.69933749e+00
 6.10000000e+00   0.00000000e+00   1.00000000e+00   5.74807021e-02   2.04494801e-04   7.85263123e-01   1.69643652e+00
 6.20000000e+00   0.00000000e+00   1.00000000e+00   4.90723771e-02   1.63893213e-04   7.79938858e-01   1.69565493e+00
 6.30000000e+00   0.00000000e+00   1.00000000e+00   4.09570662e-02   1.09716575e-04   7.56210670e-01   1.68258356e+00
 6.40000000e+00   0.00000000e+00   1.00000000e+00   4.21410010e-02   4.93209251e-05   7.33259823e-01   1.66588023e+00
 6.50000000e+00   0.00000000e+00   1.00000000e+00   5.65185751e-02  -6.12227100e-06   7.81326281e-01   1.65848238e+00
 6.60000000e+00   0.00000000e+00   1.00000000e+00   6.82961713e-02  -4.04960856e-05   7.86937391e-01   1.63949954e+00
 6.70000000e+00   0.00000000e+00   1.00000000e+00   8.91808451e-02  -5.33629234e-05   8.30868302e-01   1.63451985e+00
 6.80000000e+00   0.00000000e+00   1.00000000e+00   1.11277449e-01  -4.06365374e-05   9.13105026e-01   1.63418041e+00
 6.90000000e+00   0.00000000e+00   1.00000000e+00   1.24076163e-01  -3.15822805e-06   9.19214368e-01   1.62681546e+00
 7.00000000e+00   0.00000000e+00   1.00000000e+00   1.39896443e-01   4.47072178e-05   9.86225425e-01   1.63687699e+00
 7.10000000e+00   0.00000000e+00   1.00000000e+00   1.44895903e-01   9.76350477e-05   1.01402958e+00   1.64205078e+00
 7.20000000e+00   0.00000000e+00   1.00000000e+00   1.39828158e-01   1.44346125e-04   9.75520371e-01   1.64690554e+00
 7.30000000e+00   0.00000000e+00   1.00000000e+00   1.35332578e-01   1.71295578e-04   9.98380273e-01   1.66318264e+00
 7.40000000e+00   0.00000000e+00   1.00000000e+00   1.18029064e-01   1.79324005e-04   9.43740173e-01   1.67185989e+00
 7.50000000e+00   0.00000000e+00   1.00000000e+00   9.98573496e-02   1.63592229e-04   8.84938859e-01   1.68049032e+00
 7.60000000e+00   0.00000000e+00   1.00000000e+00   8.54171996e-02   1.27537434e-04   8.76087013e-01   1.69144491e+00
 7.70000000e+00   0.00000000e+00   1.00000000e+00   6.53202229e-02   8.46076299e-05   8.08627793e-01   1.68949260e+00
 7.80000000e+00   0.00000000e+00   1.00000000e+00   5.60418640e-02   3.82286532e-05   7.83533805e-01   1.68711213e+00
 7.90000000e+00   0.00000000e+00   1.00000000e+00   5.23077376e-02   1.55009497e-06   7.86797092e-01   1.68179526e+00
 8.00000000e+00   0.00000000e+00   1.00000000e+00   4.98679591e-02  -1.66355602e-05   7.53517407e-01   1.66549284e+00
 8.10000000e+00   0.00000000e+00   1.00000000e+00   6.15768647e-02  -1.81941299e-05   7.85515135e-01   1.65979909e+00
 8.20000000e+00   0.00000000e+00   1.00000000e+00   7.33921687e-02   2.32344414e-06   8.12980494e-01   1.64783357e+00
 8.30000000e+00   0.00000000e+00   1.00000000e+00   8.70505728e-02   3.70967201e-05   8.22034762e-01   1.63701375e+00
 8.40000000e+00   0.00000000e+00   1.00000000e+00   1.07643837e-01   7.56586768e-05   9.00658669e-01   1.63981853e+00
 8.50000000e+00   0.00000000e+00   1.00000000e+00   1.19010800e-01   1.15365601e-04   9.18921023e-01   1.63310029e+00
 8.60000000e+00   0.00000000e+00   1.00000000e+00   1.29699988e-01   1.43141722e-04   9.42471993e-01   1.63605412e+00
 8.70000000e+00   0.00000000e+00   1.00000000e+00   1.37634609e-01   1.53390120e-04   9.96462235e-01   1.64513857e+00
 8.80000000e+00   0.00000000e+00   1.00000000e+00   1.32459147e-01   1.48515140e-04   9.59785828e-01   1.64681483e+00
 8.90000000e+00   0.00000000e+00   1.00000000e+00   1.27972681e-01   1.24117660e-04   9.60468780e-01   1.65882394e+00
 9.00000000e+00   0.00000000e+00   1.00000000e+00   1.17111999e-01   8.96524121e-05   9.49466999e-01   1.66987905e+00
 9.10000000e+00   0.00000000e+00   1.00000000e+00   9.92684343e-02   5.34626592e-05   8.80457683e-01   1.67501116e+00
 9.20000000e+00   0.00000000e+00   1.00000000e+00   8.80384567e-02   1.87753084e-05   8.71876198e-01   1.68505934e+00
 9.30000000e+00   0.00000000e+00   1.00000000e+00   7.29980796e-02  -1.73930377e-06   8.35094225e-01   1.68667270e+00
 9.40000000e+00   0.00000000e+00   1.00000000e+00   6.16567421e-02  -5.60939784e-06   7.89557927e-01   1.68201304e+00
 9.50000000e+00   0.00000000e+00   1.00000000e+00   6.05555992e-02   5.65183420e-06   8.03220669e-01   1.68078531e+00
 9.60000000e+00   0.00000000e+00   1.00000000e+00   5.79556818e-02   3.43716837e-05   7.80766062e-01   1.66769250e+00
 9.70000000e+00   0.00000000e+00   1.00000000e+00   6.48743363e-02   6.89916546e-05   7.84860465e-01   1.65873807e+00
 9.80000000e+00   0.00000000e+00   1.00000000e+00   7.75426757e-02   1.04044490e-04   8.29853701e-01   1.65300777e+00
 9.90000000e+00   0.00000000e+00   1.00000000e+00   8.68262160e-02   1.34573580e-04   8.27913637e-01   1.63979006e+00
 1.00000000e+01   0.00000000e+00   1.00000000e+00   1.03326729e-01   1.48735511e-04   8.78479661e-01   1.64013385e+00