  Time  Coordinate0  Coordinate1  Displacement0  Displacement1  Force0  Force1
 0.00000000e+00   0.00000000e+00   1.00000000e+00   0.00000000e+00   0.00000000e+00   2.29427968e+00  -3.02282515e-14
 2.50000000e-01   0.00000000e+00   1.00000000e+00   8.11043972e-02   4.77518630e-05   8.98206896e-01   1.96117027e+00
 5.00000000e-01   0.00000000e+00   1.00000000e+00   1.73959936e-01   2.14821318e-04   1.19269969e+00   1.87135844e+00
 7.50000000e-01   0.00000000e+00   1.00000000e+00   1.96533661e-01  -3.87283126e-05   1.22344804e+00   1.73513247e+00
 1.00000000e+00   0.00000000e+00   1.00000000e+00   1.33280919e-01  -2.35842385e-05   1.02729207e+00   1.62876909e+00
 1.25000000e+00   0.00000000e+00   1.00000000e+00   4.09474546e-02   2.27550781e-04   8.13915868e-01   1.59342073e+00
 1.50000000e+00   0.00000000e+00   1.00000000e+00   3.22654967e-03   5.24248110e-05   6.82130173e-01   1.58448439e+00
 1.75000000e+00   0.00000000e+00   1.00000000e+00   4.85963151e-02  -2.12502290e-05   7.08424090e-01   1.67065013e+00
 2.00000000e+00   0.00000000e+00   1.00000000e+00   1.28586264e-01   2.00029574e-04   9.24080360e-01   1.76963711e+00
 2.25000000e+00   0.00000000e+00   1.00000000e+00   1.73147207e-01   5.79950175e-05   1.07299316e+00   1.74922925e+00
 2.50000000e+00   0.00000000e+00   1.00000000e+00   1.46354063e-01  -6.68259627e-05   1.02665128e+00   1.67004152e+00
 2.75000000e+00   0.00000000e+00   1.00000000e+00   7.39966956e-02   1.74218860e-04   8.72149967e-01   1.63314150e+00
 3.00000000e+00   0.00000000e+00   1.00000000e+00   2.49048008e-02   1.25719944e-04   7.54107248e-01   1.60298881e+00
 3.25000000e+00   0.00000000e+00   1.00000000e+00   4.17886086e-02  -4.21496573e-05   7.49284178e-01   1.63162837e+00
 3.50000000e+00   0.00000000e+00   1.00000000e+00   1.04258055e-01   1.40711045e-04   8.99001577e-01   1.71105929e+00
 3.75000000e+00   0.00000000e+00   1.00000000e+00   1.57165413e-01   1.28840244e-04   1.06218186e+00   1.72743687e+00
 4.00000000e+00   0.00000000e+00   1.00000000e+00   1.55528950e-01  -6.30076512e-05   1.06527736e+00   1.66732940e+00
 4.25000000e+00   0.00000000e+00   1.00000000e+00   1.01601408e-01   1.00511056e-04   9.15795733e-01   1.62486261e+00
 4.50000000e+00   0.00000000e+00   1.00000000e+00   4.62325400e-02   1.68255684e-04   7.73598205e-01   1.60285106e+00
 4.75000000e+00   0.00000000e+00   1.00000000e+00   3.70133876e-02  -1.72781848e-05   7.22736730e-01   1.62165129e+00
 5.00000000e+00   0.00000000e+00   1.00000000e+00   7.64874370e-02   8.32507046e-05   7.83836465e-01   1.69232076e+00
 5.25000000e+00   0.00000000e+00   1.00000000e+00   1.28294129e-01   1.68361167e-04   9.27842717e-01   1.73432832e+00
 5.50000000e+00   0.00000000e+00   1.00000000e+00   1.47039702e-01  -2.17134532e-05   1.01701231e+00   1.70563049e+00
 5.75000000e+00   0.00000000e+00   1.00000000e+00   1.17627029e-01   3.64387516e-05   9.55566471e-01   1.66031182e+00
 6.00000000e+00   0.00000000e+00   1.00000000e+00   7.08731871e-02   1.76198769e-04   8.45461435e-01   1.62583373e+00
 6.25000000e+00   0.00000000e+00   1.00000000e+00   4.96047113e-02   2.47869625e-05   7.89387801e-01   1.61445623e+00
 6.50000000e+00   0.00000000e+00   1.00000000e+00   6.98543297e-02   2.74571273e-05   8.11837764e-01   1.65006594e+00
 6.75000000e+00   0.00000000e+00   1.00000000e+00   1.12789465e-01   1.66831541e-04   9.12291046e-01   1.69246214e+00
 7.00000000e+00   0.00000000e+00   1.00000000e+00   1.39607047e-01   3.39446505e-05   1.00199540e+00   1.69004329e+00
 7.25000000e+00   0.00000000e+00   1.00000000e+00   1.26158548e-01  -7.32311902e-06   9.60065080e-01   1.65696278e+00
 7.50000000e+00   0.00000000e+00   1.00000000e+00   8.69313668e-02   1.56954684e-04   8.52373535e-01   1.63074915e+00
 7.75000000e+00   0.00000000e+00   1.00000000e+00   5.69690663e-02   7.89212350e-05   7.80129505e-01   1.62599498e+00
 8.00000000e+00   0.00000000e+00   1.00000000e+00   5.99715372e-02   1.38163878e-06   7.66256878e-01   1.65402559e+00
 8.25000000e+00   0.00000000e+00   1.00000000e+00   9.19995934e-02   1.44456192e-04   8.31435281e-01   1.69468477e+00
 8.50000000e+00   0.00000000e+00   1.00000000e+00   1.23680096e-01   9.23547313e-05   9.40955781e-01   1.70803071e+00
 8.75000000e+00   0.00000000e+00   1.00000000e+00   1.27097582e-01  -2.04367359e-05   9.69789324e-01   1.68304121e+00
 9.00000000e+00   0.00000000e+00   1.00000000e+00   1.02904222e-01   1.13832403e-04   9.13648507e-01   1.64753585e+00
 9.25000000e+00   0.00000000e+00   1.00000000e+00   7.46924007e-02   1.18958513e-04   8.50984536e-01   1.62614248e+00
 9.50000000e+00   0.00000000e+00   1.00000000e+00   6.68293913e-02  -2.29930266e-06   8.16126723e-01   1.62957211e+00
 9.75000000e+00   0.00000000e+00   1.00000000e+00   8.58447105e-02   9.82524387e-05   8.40968905e-01   1.65587840e+00
 1.00000000e+01   0.00000000e+00   1.00000000e+00   1.13191299e-01   1.27676338e-04   9.13997227e-01   1.68025009e+00