  Time  Coordinate0  Coordinate1  Displacement0  Displacement1  Force0  Force1
 0.00000000e+00   0.00000000e+00   1.00000000e+00   0.00000000e+00   0.00000000e+00   2.29427968e+00  -3.02282515e-14
 3.00000000e-02   0.00000000e+00   1.00000000e+00   1.45255414e-03   8.78939911e-05   1.14801663e+00   3.31563617e+00
 6.00000000e-02   0.00000000e+00   1.00000000e+00   4.76888604e-03   2.52750845e-04   8.41847168e-01   2.47589197e+00
 9.00000000e-02   0.00000000e+00   1.00000000e+00   9.18068245e-03   1.44656353e-04   7.65848260e-01   2.22808292e+00
 1.20000000e-01   0.00000000e+00   1.00000000e+00   1.63287816e-02  -2.50182816e-05   7.42394413e-01   2.08108666e+00
 1.50000000e-01   0.00000000e+00   1.00000000e+00   2.51423537e-02   1.18085006e-04   7.47452451e-01   1.98400949e+00
 1.80000000e-01   0.00000000e+00   1.00000000e+00   3.44050696e-02   2.20856829e-04   7.59824068e-01   1.91991044e+00
 2.10000000e-01   0.00000000e+00   1.00000000e+00   4.41429613e-02   2.53053018e-05   7.71630658e-01   1.86797107e+00
 2.40000000e-01   0.00000000e+00   1.00000000e+00   5.51203012e-02  -2.14135833e-05   7.93191252e-01   1.82142045e+00
 2.70000000e-01   0.00000000e+00   1.00000000e+00   6.58716485e-02   1.81687148e-04   8.17136872e-01   1.78550840e+00
 3.00000000e-01   0.00000000e+00   1.00000000e+00   7.61273676e-02   1.47182951e-04   8.32180175e-01   1.75696999e+00
 3.30000000e-01   0.00000000e+00   1.00000000e+00   8.70210570e-02  -5.19411670e-05   8.46421139e-01   1.72716165e+00
 3.60000000e-01   0.00000000e+00   1.00000000e+00   9.89546902e-02   4.70640724e-05   8.73788437e-01   1.70032754e+00
 3.90000000e-01   0.00000000e+00   1.00000000e+00   1.10486558e-01   2.03472812e-04   9.03061814e-01   1.68153124e+00
 4.20000000e-01   0.00000000e+00   1.00000000e+00   1.21803098e-01   4.16051862e-05   9.27114395e-01   1.66461038e+00
 4.50000000e-01   0.00000000e+00   1.00000000e+00   1.33760922e-01  -6.29817398e-05   9.61610489e-01   1.64660388e+00
 4.80000000e-01   0.00000000e+00   1.00000000e+00   1.44905895e-01   1.28923402e-04   1.00176559e+00   1.63478538e+00
 5.10000000e-01   0.00000000e+00   1.00000000e+00   1.54177200e-01   1.58858707e-04   1.02855879e+00   1.62931871e+00
 5.40000000e-01   0.00000000e+00   1.00000000e+00   1.62483905e-01  -4.70380445e-05   1.04682727e+00   1.62297228e+00
 5.70000000e-01   0.00000000e+00   1.00000000e+00   1.70347781e-01  -7.97147789e-06   1.07215499e+00   1.61789687e+00
 6.00000000e-01   0.00000000e+00   1.00000000e+00   1.76410611e-01   1.79186760e-04   1.09074174e+00   1.61900236e+00
 6.30000000e-01   0.00000000e+00   1.00000000e+00   1.81339309e-01   7.23885651e-05   1.09998593e+00   1.62144722e+00
 6.60000000e-01   0.00000000e+00   1.00000000e+00   1.86089124e-01  -7.81513761e-05   1.11385321e+00   1.62020418e+00
 6.90000000e-01   0.00000000e+00   1.00000000e+00   1.90270069e-01   7.85448748e-05   1.13846240e+00   1.62155335e+00
 7.20000000e-01   0.00000000e+00   1.00000000e+00   1.92368003e-01   1.72027931e-04   1.15236366e+00   1.62735081e+00
 7.50000000e-01   0.00000000e+00   1.00000000e+00   1.93258149e-01  -1.74154153e-05   1.15763737e+00   1.63149218e+00
 7.80000000e-01   0.00000000e+00   1.00000000e+00   1.93100039e-01  -4.53901521e-05   1.15832758e+00   1.63117965e+00
 8.10000000e-01   0.00000000e+00   1.00000000e+00   1.90903386e-01   1.53612939e-04   1.16359181e+00   1.64218148e+00
 8.40000000e-01   0.00000000e+00   1.00000000e+00   1.86387379e-01   1.13983244e-04   1.14922162e+00   1.65483385e+00
 8.70000000e-01   0.00000000e+00   1.00000000e+00   1.81376238e-01  -6.85035235e-05   1.12967072e+00   1.66186264e+00
 9.00000000e-01   0.00000000e+00   1.00000000e+00   1.75766416e-01   3.78761401e-05   1.11784209e+00   1.66930823e+00
 9.30000000e-01   0.00000000e+00   1.00000000e+00   1.68726972e-01   1.86755560e-04   1.10004000e+00   1.68176992e+00
 9.60000000e-01   0.00000000e+00   1.00000000e+00   1.61050624e-01   3.15847268e-05   1.07609523e+00   1.69105310e+00
 9.90000000e-01   0.00000000e+00   1.00000000e+00   1.53502009e-01  -5.88757923e-05   1.06077404e+00   1.69537804e+00
 1.02000000e+00   0.00000000e+00   1.00000000e+00   1.44854975e-01   1.32499934e-04   1.04703971e+00   1.70423065e+00
 1.05000000e+00   0.00000000e+00   1.00000000e+00   1.34513988e-01   1.59810535e-04   1.01902547e+00   1.71692237e+00
 1.08000000e+00   0.00000000e+00   1.00000000e+00   1.23836622e-01  -3.60082805e-05   9.86524024e-01   1.72414827e+00
 1.11000000e+00   0.00000000e+00   1.00000000e+00   1.12930169e-01   1.20564353e-05   9.58417032e-01   1.73028041e+00
 1.14000000e+00   0.00000000e+00   1.00000000e+00   1.01196596e-01   1.97171536e-04   9.27234311e-01   1.74181971e+00
 1.17000000e+00   0.00000000e+00   1.00000000e+00   8.92976887e-02   9.02277760e-05   8.89300943e-01   1.75064492e+00
 1.20000000e+00   0.00000000e+00   1.00000000e+00   7.88240914e-02  -4.97907792e-05   8.60198174e-01   1.75053739e+00
 1.23000000e+00   0.00000000e+00   1.00000000e+00   6.88651891e-02   1.12537584e-04   8.40456384e-01   1.75185013e+00
 1.26000000e+00   0.00000000e+00   1.00000000e+00   5.88618125e-02   2.00130047e-04   8.18486300e-01   1.75654156e+00
 1.29000000e+00   0.00000000e+00   1.00000000e+00   4.95540447e-02   1.22860339e-05   7.94755000e-01   1.75471475e+00
 1.32000000e+00   0.00000000e+00   1.00000000e+00   4.13568946e-02  -3.91706531e-06   7.78665451e-01   1.74888301e+00
 1.35000000e+00   0.00000000e+00   1.00000000e+00   3.28275175e-02   1.93254639e-04   7.62781491e-01   1.74968870e+00
 1.38000000e+00   0.00000000e+00   1.00000000e+00   2.45556640e-02   1.44379984e-04   7.40027037e-01   1.75018687e+00
 1.41000000e+00   0.00000000e+00   1.00000000e+00   1.78609872e-02  -3.04484686e-05   7.19188428e-01   1.74214241e+00
 1.44000000e+00   0.00000000e+00   1.00000000e+00   1.26336005e-02   8.35946539e-05   7.06564665e-01   1.73408048e+00
 1.47000000e+00   0.00000000e+00   1.00000000e+00   8.12397552e-03   2.20466947e-04   6.95020737e-01   1.73032741e+00
 1.50000000e+00   0.00000000e+00   1.00000000e+00   5.40870539e-03   6.05173832e-05   6.82662923e-01   1.72062921e+00
 1.53000000e+00   0.00000000e+00   1.00000000e+00   4.84166270e-03  -1.92501680e-05   6.78735035e-01   1.70529513e+00
 1.56000000e+00   0.00000000e+00   1.00000000e+00   5.04743592e-03   1.67558663e-04   6.81344325e-01   1.69557205e+00
 1.59000000e+00   0.00000000e+00   1.00000000e+00   5.65857280e-03   1.80100456e-04   6.80040971e-01   1.68868159e+00
 1.62000000e+00   0.00000000e+00   1.00000000e+00   7.66038841e-03  -1.23860015e-05   6.77432674e-01   1.67598340e+00
 1.65000000e+00   0.00000000e+00   1.00000000e+00   1.08827499e-02   4.08775842e-05   6.80995186e-01   1.66369516e+00
 1.68000000e+00   0.00000000e+00   1.00000000e+00   1.43186735e-02   2.12084179e-04   6.84138758e-01   1.65785045e+00
 1.71000000e+00   0.00000000e+00   1.00000000e+00   1.90470711e-02   9.61121997e-05   6.83442854e-01   1.64953061e+00
 1.74000000e+00   0.00000000e+00   1.00000000e+00   2.58255551e-02  -3.72603449e-05   6.89746925e-01   1.63574619e+00
 1.77000000e+00   0.00000000e+00   1.00000000e+00   3.37390834e-02   1.21381410e-04   7.05759132e-01   1.62603265e+00
 1.80000000e+00   0.00000000e+00   1.00000000e+00   4.19460186e-02   1.93436431e-04   7.20928349e-01   1.62008686e+00
 1.83000000e+00   0.00000000e+00   1.00000000e+00   5.14159339e-02   4.05656268e-06   7.37698048e-01   1.61011906e+00
 1.86000000e+00   0.00000000e+00   1.00000000e+00   6.15188010e-02  -6.85594683e-06   7.62659887e-01   1.60016131e+00
 1.89000000e+00   0.00000000e+00   1.00000000e+00   7.10513162e-02   1.80376306e-04   7.86743953e-01   1.59708190e+00
 1.92000000e+00   0.00000000e+00   1.00000000e+00   8.02369772e-02   1.19817088e-04   8.02549198e-01   1.59470489e+00
 1.95000000e+00   0.00000000e+00   1.00000000e+00   9.02534826e-02  -5.04616621e-05   8.21764658e-01   1.58876515e+00
 1.98000000e+00   0.00000000e+00   1.00000000e+00   1.00291319e-01   6.53187615e-05   8.47454490e-01   1.58585312e+00
 2.01000000e+00   0.00000000e+00   1.00000000e+00   1.09900526e-01   1.89548274e-04   8.70149045e-01   1.58709838e+00
 2.04000000e+00   0.00000000e+00   1.00000000e+00   1.19950906e-01   2.52625951e-05   8.93406083e-01   1.58487660e+00
 2.07000000e+00   0.00000000e+00   1.00000000e+00   1.30476968e-01  -4.57296160e-05   9.27791580e-01   1.58112498e+00
 2.10000000e+00   0.00000000e+00   1.00000000e+00   1.39911811e-01   1.38113753e-04   9.63206771e-01   1.58256055e+00
 2.13000000e+00   0.00000000e+00   1.00000000e+00   1.48068625e-01   1.39419916e-04   9.88024818e-01   1.58579379e+00
 2.16000000e+00   0.00000000e+00   1.00000000e+00   1.55789161e-01  -4.84328443e-05   1.01196227e+00   1.58597113e+00
 2.19000000e+00   0.00000000e+00   1.00000000e+00   1.62363567e-01   1.32008787e-05   1.03718398e+00   1.58860680e+00
 2.22000000e+00   0.00000000e+00   1.00000000e+00   1.67152432e-01   1.76395201e-04   1.05187722e+00   1.59631522e+00
 2.25000000e+00   0.00000000e+00   1.00000000e+00   1.71175686e-01   5.55653131e-05   1.05886517e+00   1.60187729e+00
 2.28000000e+00   0.00000000e+00   1.00000000e+00   1.75189884e-01  -6.61022330e-05   1.07433355e+00   1.60444075e+00
 2.31000000e+00   0.00000000e+00   1.00000000e+00   1.77999721e-01   9.60045217e-05   1.09146733e+00   1.61076311e+00
 2.34000000e+00   0.00000000e+00   1.00000000e+00   1.79527403e-01   1.59297607e-04   1.10056025e+00   1.61897878e+00
 2.37000000e+00   0.00000000e+00   1.00000000e+00   1.80456653e-01  -2.55234089e-05   1.10838439e+00   1.62296612e+00
 2.40000000e+00   0.00000000e+00   1.00000000e+00   1.80339815e-01  -2.37913683e-05   1.12021320e+00   1.62784176e+00
 2.43000000e+00   0.00000000e+00   1.00000000e+00   1.77917321e-01   1.60508376e-04   1.11953532e+00   1.63868730e+00
 2.46000000e+00   0.00000000e+00   1.00000000e+00   1.74089080e-01   9.52840222e-05   1.10578931e+00   1.64897147e+00
 2.49000000e+00   0.00000000e+00   1.00000000e+00   1.69663023e-01  -6.34291821e-05   1.09266690e+00   1.65551238e+00
 2.52000000e+00   0.00000000e+00   1.00000000e+00   1.64133313e-01   6.06131816e-05   1.08054430e+00   1.66559205e+00
 2.55000000e+00   0.00000000e+00   1.00000000e+00   1.57355952e-01   1.78676454e-04   1.05933859e+00   1.67829932e+00
 2.58000000e+00   0.00000000e+00   1.00000000e+00   1.50679568e-01   1.69135197e-05   1.03904345e+00   1.68518128e+00
 2.61000000e+00   0.00000000e+00   1.00000000e+00   1.43952426e-01  -4.01640052e-05   1.02752590e+00   1.68975314e+00
 2.64000000e+00   0.00000000e+00   1.00000000e+00   1.36033473e-01   1.45167803e-04   1.01316049e+00   1.69961235e+00
 2.67000000e+00   0.00000000e+00   1.00000000e+00   1.27226432e-01   1.40734041e-04   9.89411783e-01   1.70899751e+00
 2.70000000e+00   0.00000000e+00   1.00000000e+00   1.18351156e-01  -3.81357227e-05   9.66398125e-01   1.71314573e+00
 2.73000000e+00   0.00000000e+00   1.00000000e+00   1.08761378e-01   3.44273189e-05   9.44503026e-01   1.72007136e+00
 2.76000000e+00   0.00000000e+00   1.00000000e+00   9.81601952e-02   1.92797113e-04   9.14065597e-01   1.73126365e+00
 2.79000000e+00   0.00000000e+00   1.00000000e+00   8.80096089e-02   7.04754167e-05   8.81454491e-01   1.73658222e+00
 2.82000000e+00   0.00000000e+00   1.00000000e+00   7.87763597e-02  -3.84370085e-05   8.57233408e-01   1.73684736e+00
 2.85000000e+00   0.00000000e+00   1.00000000e+00   6.97142321e-02   1.27475260e-04   8.37487974e-01   1.74061052e+00
 2.88000000e+00   0.00000000e+00   1.00000000e+00   6.09710646e-02   1.82426839e-04   8.15104479e-01   1.74360698e+00
 2.91000000e+00   0.00000000e+00   1.00000000e+00   5.35331374e-02   1.93609478e-06   7.97074509e-01   1.73910003e+00
 2.94000000e+00   0.00000000e+00   1.00000000e+00   4.65369472e-02   1.45399431e-05   7.85430835e-01   1.73524957e+00
 2.97000000e+00   0.00000000e+00   1.00000000e+00   3.92699164e-02   1.93590822e-04   7.70711718e-01   1.73664447e+00
 3.00000000e+00   0.00000000e+00   1.00000000e+00   3.25601395e-02   1.21352749e-04   7.51058691e-01   1.73443055e+00
 3.03000000e+00   0.00000000e+00   1.00000000e+00   2.71869326e-02  -2.82539195e-05   7.35570061e-01   1.72688492e+00
 3.06000000e+00   0.00000000e+00   1.00000000e+00   2.23400597e-02   9.95575348e-05   7.24144040e-01   1.72285890e+00
 3.09000000e+00   0.00000000e+00   1.00000000e+00   1.83805987e-02   2.06177272e-04   7.10587829e-01   1.71964438e+00
 3.12000000e+00   0.00000000e+00   1.00000000e+00   1.64060723e-02   4.27677626e-05   6.99574234e-01   1.70922250e+00
 3.15000000e+00   0.00000000e+00   1.00000000e+00   1.60843099e-02  -5.46479824e-06   6.97904584e-01   1.69719365e+00
 3.18000000e+00   0.00000000e+00   1.00000000e+00   1.62654930e-02   1.73791476e-04   6.99202018e-01   1.69031062e+00
 3.21000000e+00   0.00000000e+00   1.00000000e+00   1.74063843e-02   1.57313564e-04   6.97642005e-01   1.68209235e+00
 3.24000000e+00   0.00000000e+00   1.00000000e+00   1.99068323e-02  -1.74231337e-05   6.99428364e-01   1.66963703e+00
 3.27000000e+00   0.00000000e+00   1.00000000e+00   2.27795943e-02   5.85337467e-05   7.05015216e-01   1.66110169e+00
 3.30000000e+00   0.00000000e+00   1.00000000e+00   2.58631258e-02   2.03826872e-04   7.06489541e-01   1.65643272e+00
 3.33000000e+00   0.00000000e+00   1.00000000e+00   3.03352159e-02   7.45450951e-05   7.06546416e-01   1.64749711e+00
 3.36000000e+00   0.00000000e+00   1.00000000e+00   3.63101417e-02  -2.75327697e-05   7.14453521e-01   1.63661859e+00
 3.39000000e+00   0.00000000e+00   1.00000000e+00   4.27833669e-02   1.33872525e-04   7.26635981e-01   1.63035829e+00
 3.42000000e+00   0.00000000e+00   1.00000000e+00   5.01660217e-02   1.74585301e-04   7.38227414e-01   1.62419787e+00
 3.45000000e+00   0.00000000e+00   1.00000000e+00   5.88579112e-02  -5.53982890e-06   7.55777520e-01   1.61406627e+00
 3.48000000e+00   0.00000000e+00   1.00000000e+00   6.78054163e-02   1.22303880e-05   7.80324356e-01   1.60673810e+00
 3.51000000e+00   0.00000000e+00   1.00000000e+00   7.61010849e-02   1.80397681e-04   8.00475513e-01   1.60442406e+00
 3.54000000e+00   0.00000000e+00   1.00000000e+00   8.46371184e-02   9.85557894e-05   8.16774644e-01   1.60064247e+00
 3.57000000e+00   0.00000000e+00   1.00000000e+00   9.34524255e-02  -4.47472091e-05   8.37014453e-01   1.59544853e+00
 3.60000000e+00   0.00000000e+00   1.00000000e+00   1.01759214e-01   8.32869492e-05   8.57713315e-01   1.59496507e+00
 3.63000000e+00   0.00000000e+00   1.00000000e+00   1.09843014e-01   1.77034129e-04   8.73758952e-01   1.59591943e+00
 3.66000000e+00   0.00000000e+00   1.00000000e+00   1.18702960e-01   1.22946351e-05   8.94976201e-01   1.59296091e+00
 3.69000000e+00   0.00000000e+00   1.00000000e+00   1.27537629e-01  -2.72979230e-05   9.24445357e-01   1.59080145e+00
 3.72000000e+00   0.00000000e+00   1.00000000e+00   1.35424273e-01   1.46712356e-04   9.51576796e-01   1.59313988e+00
 3.75000000e+00   0.00000000e+00   1.00000000e+00   1.42800988e-01   1.20746721e-04   9.74209564e-01   1.59447913e+00
 3.78000000e+00   0.00000000e+00   1.00000000e+00   1.49753496e-01  -4.72779850e-05   9.99453628e-01   1.59393505e+00
 3.81000000e+00   0.00000000e+00   1.00000000e+00   1.55153897e-01   3.48756642e-05   1.02103441e+00   1.59771559e+00
 3.84000000e+00   0.00000000e+00   1.00000000e+00   1.59045630e-01   1.71257898e-04   1.03090578e+00   1.60466758e+00
 3.87000000e+00   0.00000000e+00   1.00000000e+00   1.62580710e-01   3.96896924e-05   1.03862792e+00   1.60844069e+00
 3.90000000e+00   0.00000000e+00   1.00000000e+00   1.65555155e-01  -5.10067556e-05   1.05084344e+00   1.61182742e+00
 3.93000000e+00   0.00000000e+00   1.00000000e+00   1.67309029e-01   1.11453208e-04   1.06004724e+00   1.61930437e+00
 3.96000000e+00   0.00000000e+00   1.00000000e+00   1.68426368e-01   1.44003491e-04   1.06485523e+00   1.62571101e+00
 3.99000000e+00   0.00000000e+00   1.00000000e+00   1.69343496e-01  -2.98399174e-05   1.06809323e+00   1.63146060e+00
 4.02000000e+00   0.00000000e+00   1.00000000e+00   1.68859862e-01  -7.71959147e-07   1.08344785e+00   1.63228409e+00
 4.05000000e+00   0.00000000e+00   1.00000000e+00   1.66633095e-01   1.62914338e-04   1.08225133e+00   1.64392646e+00
 4.08000000e+00   0.00000000e+00   1.00000000e+00   1.63501750e-01   7.67711268e-05   1.07307885e+00   1.65072735e+00
 4.11000000e+00   0.00000000e+00   1.00000000e+00   1.59543887e-01  -5.41000745e-05   1.06469421e+00   1.65663928e+00
 4.14000000e+00   0.00000000e+00   1.00000000e+00   1.54054523e-01   8.06543766e-05   1.04996418e+00   1.66747099e+00
 4.17000000e+00   0.00000000e+00   1.00000000e+00   1.47907238e-01   1.66886853e-04   1.02885226e+00   1.67800977e+00
 4.20000000e+00   0.00000000e+00   1.00000000e+00   1.41994040e-01   5.54474998e-06   1.01199151e+00   1.68295869e+00
 4.23000000e+00   0.00000000e+00   1.00000000e+00   1.35712006e-01  -2.00355530e-05   1.00057720e+00   1.68870980e+00
 4.26000000e+00   0.00000000e+00   1.00000000e+00   1.28509174e-01   1.53366714e-04   9.84582445e-01   1.69787989e+00
 4.29000000e+00   0.00000000e+00   1.00000000e+00   1.21194778e-01   1.21300849e-04   9.66089136e-01   1.70346791e+00
 4.32000000e+00   0.00000000e+00   1.00000000e+00   1.13712450e-01  -3.65258395e-05   9.50423827e-01   1.70631425e+00
 4.35000000e+00   0.00000000e+00   1.00000000e+00   1.05160758e-01   5.53070342e-05   9.31124827e-01   1.71380326e+00
 4.38000000e+00   0.00000000e+00   1.00000000e+00   9.59908552e-02   1.84996527e-04   9.03915301e-01   1.72238959e+00
 4.41000000e+00   0.00000000e+00   1.00000000e+00   8.73594750e-02   5.27708115e-05   8.77458664e-01   1.72517393e+00
 4.44000000e+00   0.00000000e+00   1.00000000e+00   7.90635592e-02  -2.47750574e-05   8.56429570e-01   1.72704789e+00
 4.47000000e+00   0.00000000e+00   1.00000000e+00   7.07470572e-02   1.39309417e-04   8.35160720e-01   1.73176111e+00
 4.50000000e+00   0.00000000e+00   1.00000000e+00   6.33770309e-02   1.63210942e-04   8.14521379e-01   1.73218803e+00
 4.53000000e+00   0.00000000e+00   1.00000000e+00   5.71676764e-02  -5.06864543e-06   8.00759869e-01   1.72744278e+00
 4.56000000e+00   0.00000000e+00   1.00000000e+00   5.11051762e-02   3.36095606e-05   7.90825892e-01   1.72557583e+00
 4.59000000e+00   0.00000000e+00   1.00000000e+00   4.50369777e-02   1.90555032e-04   7.77009209e-01   1.72575453e+00
 4.62000000e+00   0.00000000e+00   1.00000000e+00   3.98946148e-02   9.93610164e-05   7.62354695e-01   1.72121391e+00
 4.65000000e+00   0.00000000e+00   1.00000000e+00   3.53602182e-02  -2.23711122e-05   7.51250602e-01   1.71568924e+00
 4.68000000e+00   0.00000000e+00   1.00000000e+00   3.10038882e-02   1.13950428e-04   7.39636796e-01   1.71388109e+00
 4.71000000e+00   0.00000000e+00   1.00000000e+00   2.77182428e-02   1.89356263e-04   7.25954279e-01   1.70977835e+00
 4.74000000e+00   0.00000000e+00   1.00000000e+00   2.62706241e-02   2.83340794e-05   7.17386010e-01   1.70019986e+00
 4.77000000e+00   0.00000000e+00   1.00000000e+00   2.58086565e-02   1.03910413e-05   7.15766715e-01   1.69191648e+00
 4.80000000e+00   0.00000000e+00   1.00000000e+00   2.60819703e-02   1.76765120e-04   7.14751933e-01   1.68594923e+00
 4.83000000e+00   0.00000000e+00   1.00000000e+00   2.77179250e-02   1.34728389e-04   7.14674874e-01   1.67653413e+00
 4.86000000e+00   0.00000000e+00   1.00000000e+00   3.03309883e-02  -1.81324368e-05   7.19837585e-01   1.66593218e+00
 4.89000000e+00   0.00000000e+00   1.00000000e+00   3.29057840e-02   7.55333042e-05   7.25352713e-01   1.65990568e+00
 4.92000000e+00   0.00000000e+00   1.00000000e+00   3.59448378e-02   1.92753767e-04   7.26492316e-01   1.65472287e+00
 4.95000000e+00   0.00000000e+00   1.00000000e+00   4.02294292e-02   5.58842866e-05   7.29186922e-01   1.64606446e+00
 4.98000000e+00   0.00000000e+00   1.00000000e+00   4.52028608e-02  -1.51547781e-05   7.36850218e-01   1.63856153e+00
 5.01000000e+00   0.00000000e+00   1.00000000e+00   5.06175253e-02   1.43439464e-04   7.44871978e-01   1.63410994e+00
 5.04000000e+00   0.00000000e+00   1.00000000e+00   5.72828602e-02   1.54901369e-04   7.54663092e-01   1.62736726e+00
 5.07000000e+00   0.00000000e+00   1.00000000e+00   6.50671171e-02  -1.12782918e-05   7.72442220e-01   1.61859492e+00
 5.10000000e+00   0.00000000e+00   1.00000000e+00   7.27291875e-02   3.13488493e-05   7.93494818e-01   1.61351919e+00
 5.13000000e+00   0.00000000e+00   1.00000000e+00   8.02677314e-02   1.77380413e-04   8.11238923e-01   1.61073705e+00
 5.16000000e+00   0.00000000e+00   1.00000000e+00   8.81700365e-02   7.89747734e-05   8.29207021e-01   1.60591530e+00
 5.19000000e+00   0.00000000e+00   1.00000000e+00   9.58321745e-02  -3.59916472e-05   8.49245257e-01   1.60241727e+00
 5.22000000e+00   0.00000000e+00   1.00000000e+00   1.02723764e-01   9.89389168e-05   8.64807175e-01   1.60304511e+00
 5.25000000e+00   0.00000000e+00   1.00000000e+00   1.09812227e-01   1.62601934e-04   8.78186552e-01   1.60303383e+00
 5.28000000e+00   0.00000000e+00   1.00000000e+00   1.17390805e-01   2.29374649e-06   8.97366113e-01   1.60041023e+00
 5.31000000e+00   0.00000000e+00   1.00000000e+00   1.24597499e-01  -8.08761947e-06   9.20206654e-01   1.60025160e+00
 5.34000000e+00   0.00000000e+00   1.00000000e+00   1.31273794e-01   1.51864514e-04   9.40520734e-01   1.60227960e+00
 5.37000000e+00   0.00000000e+00   1.00000000e+00   1.37992618e-01   1.02337319e-04   9.62542795e-01   1.60206679e+00
 5.40000000e+00   0.00000000e+00   1.00000000e+00   1.44015453e-01  -4.29113961e-05   9.86685493e-01   1.60195180e+00
 5.43000000e+00   0.00000000e+00   1.00000000e+00   1.48470710e-01   5.49707893e-05   1.00389276e+00   1.60629158e+00
 5.46000000e+00   0.00000000e+00   1.00000000e+00   1.51943696e-01   1.63232180e-04   1.01301399e+00   1.61142746e+00
 5.49000000e+00   0.00000000e+00   1.00000000e+00   1.54992077e-01   2.61146678e-05   1.02202326e+00   1.61424060e+00
 5.52000000e+00   0.00000000e+00   1.00000000e+00   1.56995913e-01  -3.42673278e-05   1.03009707e+00   1.61898628e+00
 5.55000000e+00   0.00000000e+00   1.00000000e+00   1.57996345e-01   1.23314855e-04   1.03294880e+00   1.62635233e+00
 5.58000000e+00   0.00000000e+00   1.00000000e+00   1.58921171e-01   1.27725582e-04   1.03688893e+00   1.63094043e+00
 5.61000000e+00   0.00000000e+00   1.00000000e+00   1.59464896e-01  -3.10090047e-05   1.04003076e+00   1.63471005e+00
 5.64000000e+00   0.00000000e+00   1.00000000e+00   1.58676415e-01   2.08143252e-05   1.04938350e+00   1.63832941e+00
 5.67000000e+00   0.00000000e+00   1.00000000e+00   1.56800085e-01   1.61281495e-04   1.04938595e+00   1.64760137e+00
 5.70000000e+00   0.00000000e+00   1.00000000e+00   1.54339731e-01   6.07474979e-05   1.04595136e+00   1.65217791e+00
 5.73000000e+00   0.00000000e+00   1.00000000e+00   1.50588463e-01  -4.21942833e-05   1.03909270e+00   1.65857704e+00
 5.76000000e+00   0.00000000e+00   1.00000000e+00   1.45465360e-01   9.66927698e-05   1.02379418e+00   1.66882545e+00
 5.79000000e+00   0.00000000e+00   1.00000000e+00   1.40048334e-01   1.53288848e-04   1.00522770e+00   1.67666880e+00
 5.82000000e+00   0.00000000e+00   1.00000000e+00   1.34664909e-01  -1.85746812e-06   9.91056978e-01   1.68131285e+00
 5.85000000e+00   0.00000000e+00   1.00000000e+00   1.28616075e-01  -2.66796443e-07   9.77194583e-01   1.68821146e+00
 5.88000000e+00   0.00000000e+00   1.00000000e+00   1.22257871e-01   1.57141800e-04   9.61146472e-01   1.69540498e+00
 5.91000000e+00   0.00000000e+00   1.00000000e+00   1.16158191e-01   1.03281804e-04   9.47595855e-01   1.69843755e+00
 5.94000000e+00   0.00000000e+00   1.00000000e+00   1.09640778e-01  -3.14033508e-05   9.35757224e-01   1.70151319e+00
 5.97000000e+00   0.00000000e+00   1.00000000e+00   1.02126252e-01   7.32621486e-05   9.18146733e-01   1.70834403e+00
 6.00000000e+00   0.00000000e+00   1.00000000e+00   9.44674145e-02   1.74549262e-04   8.96088268e-01   1.71367513e+00
 6.03000000e+00   0.00000000e+00   1.00000000e+00   8.70891987e-02   3.87690602e-05   8.75667051e-01   1.71557466e+00
 6.06000000e+00   0.00000000e+00   1.00000000e+00   7.94969757e-02  -9.92518060e-06   8.55710079e-01   1.71911597e+00
 6.09000000e+00   0.00000000e+00   1.00000000e+00   7.21040273e-02   1.46950488e-04   8.34269625e-01   1.72300292e+00
 6.12000000e+00   0.00000000e+00   1.00000000e+00   6.58799629e-02   1.44202143e-04   8.16414055e-01   1.72178842e+00
 6.15000000e+00   0.00000000e+00   1.00000000e+00   6.04662740e-02  -7.85235848e-06   8.04995949e-01   1.71849615e+00
 6.18000000e+00   0.00000000e+00   1.00000000e+00   5.51161677e-02   5.11907562e-05   7.94599176e-01   1.71769522e+00
 6.21000000e+00   0.00000000e+00   1.00000000e+00   5.03297931e-02   1.84278063e-04   7.82953399e-01   1.71570446e+00
 6.24000000e+00   0.00000000e+00   1.00000000e+00   4.63602701e-02   8.05728608e-05   7.73357233e-01   1.71054790e+00
 6.27000000e+00   0.00000000e+00   1.00000000e+00   4.24823435e-02  -1.36310815e-05   7.64792717e-01   1.70712611e+00
 6.30000000e+00   0.00000000e+00   1.00000000e+00   3.87434634e-02   1.24808393e-04   7.53216259e-01   1.70557078e+00
 6.33000000e+00   0.00000000e+00   1.00000000e+00   3.62378261e-02   1.71685397e-04   7.41652213e-01   1.70055912e+00
 6.36000000e+00   0.00000000e+00   1.00000000e+00   3.49541835e-02   1.84253192e-05   7.35087090e-01   1.69327202e+00
 6.39000000e+00   0.00000000e+00   1.00000000e+00   3.43304976e-02   2.62104592e-05   7.31720835e-01   1.68774175e+00
 6.42000000e+00   0.00000000e+00   1.00000000e+00   3.47865690e-02   1.75941497e-04   7.29287658e-01   1.68148851e+00
 6.45000000e+00   0.00000000e+00   1.00000000e+00   3.67051825e-02   1.14349228e-04   7.31294716e-01   1.67217463e+00
 6.48000000e+00   0.00000000e+00   1.00000000e+00   3.91229193e-02  -1.49667646e-05   7.37559490e-01   1.66404947e+00
 6.51000000e+00   0.00000000e+00   1.00000000e+00   4.15825938e-02   8.99039278e-05   7.42160758e-01   1.65888483e+00
 6.54000000e+00   0.00000000e+00   1.00000000e+00   4.47664001e-02   1.79741477e-04   7.45019173e-01   1.65275027e+00
 6.57000000e+00   0.00000000e+00   1.00000000e+00   4.87199313e-02   4.14443859e-05   7.50254948e-01   1.64551448e+00
 6.60000000e+00   0.00000000e+00   1.00000000e+00   5.28075849e-02  -1.59255978e-06   7.56247854e-01   1.64067689e+00
 6.63000000e+00   0.00000000e+00   1.00000000e+00   5.75020021e-02   1.49005883e-04   7.61410881e-01   1.63657552e+00
 6.66000000e+00   0.00000000e+00   1.00000000e+00   6.35051132e-02   1.36020761e-04   7.70976707e-01   1.62996837e+00
 6.69000000e+00   0.00000000e+00   1.00000000e+00   7.01446059e-02  -1.29062431e-05   7.86803584e-01   1.62347385e+00
 6.72000000e+00   0.00000000e+00   1.00000000e+00   7.67458011e-02   4.86537992e-05   8.03540186e-01   1.61963599e+00
 6.75000000e+00   0.00000000e+00   1.00000000e+00   8.37071802e-02   1.71352060e-04   8.20285486e-01   1.61582694e+00
 6.78000000e+00   0.00000000e+00   1.00000000e+00   9.09326204e-02   6.27479091e-05   8.39737716e-01   1.61115761e+00
 6.81000000e+00   0.00000000e+00   1.00000000e+00   9.74657340e-02  -2.50716409e-05   8.57528344e-01   1.60921866e+00
 6.84000000e+00   0.00000000e+00   1.00000000e+00   1.03463636e-01   1.10779626e-04   8.70254173e-01   1.60968042e+00
 6.87000000e+00   0.00000000e+00   1.00000000e+00   1.09739482e-01   1.47476074e-04   8.83212195e-01   1.60880745e+00
 6.90000000e+00   0.00000000e+00   1.00000000e+00   1.16039514e-01  -3.67018184e-06   8.99626133e-01   1.60753773e+00
 6.93000000e+00   0.00000000e+00   1.00000000e+00   1.21814094e-01   1.02167211e-05   9.15404597e-01   1.60863466e+00
 6.96000000e+00   0.00000000e+00   1.00000000e+00   1.27622981e-01   1.53136231e-04   9.31758697e-01   1.60975364e+00
 6.99000000e+00   0.00000000e+00   1.00000000e+00   1.33551682e-01   8.60108785e-05   9.52573745e-01   1.60901817e+00
 7.02000000e+00   0.00000000e+00   1.00000000e+00   1.38590526e-01  -3.56064182e-05   9.73154729e-01   1.60991610e+00
 7.05000000e+00   0.00000000e+00   1.00000000e+00   1.42416985e-01   7.17123413e-05   9.87119873e-01   1.61368186e+00
 7.08000000e+00   0.00000000e+00   1.00000000e+00   1.45688997e-01   1.53240817e-04   9.97870501e-01   1.61694909e+00
 7.11000000e+00   0.00000000e+00   1.00000000e+00   1.48189901e-01   1.62877292e-05   1.00726591e+00   1.61983174e+00
 7.14000000e+00   0.00000000e+00   1.00000000e+00   1.49419629e-01  -1.73513186e-05   1.01103288e+00   1.62541082e+00
 7.17000000e+00   0.00000000e+00   1.00000000e+00   1.50053804e-01   1.30833310e-04   1.01119040e+00   1.63160352e+00
 7.20000000e+00   0.00000000e+00   1.00000000e+00   1.50711985e-01   1.12173928e-04   1.01321920e+00   1.64008574e+00
 7.23000000e+00   0.00000000e+00   1.00000000e+00   1.50730545e-01  -2.85826924e-05   1.02062195e+00   1.63868888e+00
 7.26000000e+00   0.00000000e+00   1.00000000e+00   1.49746799e-01   3.98040312e-05   1.01901550e+00   1.64370009e+00
 7.29000000e+00   0.00000000e+00   1.00000000e+00   1.48325159e-01   1.56341828e-04   1.02198372e+00   1.65007688e+00
 7.32000000e+00   0.00000000e+00   1.00000000e+00   1.46236589e-01   4.79256689e-05   1.02184009e+00   1.65370659e+00
 7.35000000e+00   0.00000000e+00   1.00000000e+00   1.42718648e-01  -2.86815518e-05   1.01523637e+00   1.66033691e+00
 7.38000000e+00   0.00000000e+00   1.00000000e+00   1.38192714e-01   1.08405198e-04   1.00133207e+00   1.66864649e+00
 7.41000000e+00   0.00000000e+00   1.00000000e+00   1.33520252e-01   1.39069302e-04   9.87152459e-01   1.67457331e+00
 7.44000000e+00   0.00000000e+00   1.00000000e+00   1.28405079e-01  -5.40854899e-06   9.73522209e-01   1.68004410e+00
 7.47000000e+00   0.00000000e+00   1.00000000e+00   1.22698532e-01   1.80982226e-05   9.57661786e-01   1.68701965e+00
 7.50000000e+00   0.00000000e+00   1.00000000e+00   1.17172487e-01   1.56915590e-04   9.42957708e-01   1.69204728e+00
 7.53000000e+00   0.00000000e+00   1.00000000e+00   1.11932147e-01   8.75158045e-05   9.32821663e-01   1.69425168e+00
 7.56000000e+00   0.00000000e+00   1.00000000e+00   1.06085427e-01  -2.35352212e-05   9.21800627e-01   1.69790600e+00
 7.59000000e+00   0.00000000e+00   1.00000000e+00   9.96946040e-02   8.77342800e-05   9.06462438e-01   1.70289804e+00
 7.62000000e+00   0.00000000e+00   1.00000000e+00   9.34167428e-02   1.62437050e-04   8.90373774e-01   1.70566901e+00
 7.65000000e+00   0.00000000e+00   1.00000000e+00   8.69901224e-02   2.87374027e-05   8.74253489e-01   1.70791681e+00
 7.68000000e+00   0.00000000e+00   1.00000000e+00   8.01327902e-02   5.13769927e-06   8.54933337e-01   1.71197240e+00
 7.71000000e+00   0.00000000e+00   1.00000000e+00   7.37608565e-02   1.50519972e-04   8.35227979e-01   1.71421356e+00
 7.74000000e+00   0.00000000e+00   1.00000000e+00   6.84019508e-02   1.26394667e-04   8.20327673e-01   1.71285368e+00
 7.77000000e+00   0.00000000e+00   1.00000000e+00   6.34474788e-02  -6.96793772e-06   8.08932436e-01   1.71149285e+00
 7.80000000e+00   0.00000000e+00   1.00000000e+00   5.88342118e-02   6.64828857e-05   7.97955824e-01   1.71044539e+00
 7.83000000e+00   0.00000000e+00   1.00000000e+00   5.51421890e-02   1.75474089e-04   7.89226926e-01   1.70682322e+00
 7.86000000e+00   0.00000000e+00   1.00000000e+00   5.19826418e-02   6.54518099e-05   7.83299023e-01   1.70244834e+00
 7.89000000e+00   0.00000000e+00   1.00000000e+00   4.86591929e-02  -3.05376499e-06   7.75682026e-01   1.70022190e+00
 7.92000000e+00   0.00000000e+00   1.00000000e+00   4.57428393e-02   1.32115027e-04   7.65668928e-01   1.69762774e+00
 7.95000000e+00   0.00000000e+00   1.00000000e+00   4.38491354e-02   1.54116618e-04   7.57344348e-01   1.69270401e+00
 7.98000000e+00   0.00000000e+00   1.00000000e+00   4.25765871e-02   1.26761822e-05   7.51473425e-01   1.68800420e+00
 8.01000000e+00   0.00000000e+00   1.00000000e+00   4.18907993e-02   4.10658427e-05   7.46122387e-01   1.68373624e+00
 8.04000000e+00   0.00000000e+00   1.00000000e+00   4.25750223e-02   1.71910418e-04   7.43765417e-01   1.67713178e+00
 8.07000000e+00   0.00000000e+00   1.00000000e+00   4.44257785e-02   9.66319709e-05   7.47002495e-01   1.66929832e+00
 8.10000000e+00   0.00000000e+00   1.00000000e+00   4.65595522e-02  -8.85582400e-06   7.52242981e-01   1.66317803e+00
 8.13000000e+00   0.00000000e+00   1.00000000e+00   4.90660269e-02   1.01354747e-04   7.56503515e-01   1.65765926e+00
 8.16000000e+00   0.00000000e+00   1.00000000e+00   5.23638174e-02   1.65605683e-04   7.62088227e-01   1.65122183e+00
 8.19000000e+00   0.00000000e+00   1.00000000e+00   5.58676755e-02   3.10387807e-05   7.68522555e-01   1.64590354e+00
 8.22000000e+00   0.00000000e+00   1.00000000e+00   5.93359685e-02   1.23465057e-05   7.72645830e-01   1.64237175e+00
 8.25000000e+00   0.00000000e+00   1.00000000e+00   6.35840569e-02   1.50954013e-04   7.77142399e-01   1.63801721e+00
 8.28000000e+00   0.00000000e+00   1.00000000e+00   6.88191547e-02   1.18404481e-04   7.86504228e-01   1.63257810e+00
 8.31000000e+00   0.00000000e+00   1.00000000e+00   7.43147172e-02  -1.10769266e-05   7.98747132e-01   1.62827756e+00
 8.34000000e+00   0.00000000e+00   1.00000000e+00   8.00879719e-02   6.37600004e-05   8.11763636e-01   1.62464737e+00
 8.37000000e+00   0.00000000e+00   1.00000000e+00   8.65159665e-02   1.62952973e-04   8.28488993e-01   1.62024883e+00
 8.40000000e+00   0.00000000e+00   1.00000000e+00   9.28972997e-02   4.98179970e-05   8.47412810e-01   1.61661602e+00
 8.43000000e+00   0.00000000e+00   1.00000000e+00   9.85490435e-02  -1.26366210e-05   8.62527072e-01   1.61544318e+00
 8.46000000e+00   0.00000000e+00   1.00000000e+00   1.03983882e-01   1.19055415e-04   8.74655160e-01   1.61493675e+00
 8.49000000e+00   0.00000000e+00   1.00000000e+00   1.09525925e-01   1.32247861e-04   8.88098331e-01   1.61399408e+00
 8.52000000e+00   0.00000000e+00   1.00000000e+00   1.14602593e-01  -6.05721567e-06   9.00628719e-01   1.61427546e+00
 8.55000000e+00   0.00000000e+00   1.00000000e+00   1.19336672e-01   2.72371454e-05   9.11263500e-01   1.61557542e+00
 8.58000000e+00   0.00000000e+00   1.00000000e+00   1.24398567e-01   1.51059533e-04   9.25364509e-01   1.61585036e+00
 8.61000000e+00   0.00000000e+00   1.00000000e+00   1.29406845e-01   7.18922262e-05   9.43602096e-01   1.61573018e+00
 8.64000000e+00   0.00000000e+00   1.00000000e+00   1.33530133e-01  -2.59814043e-05   9.59264606e-01   1.61731590e+00
 8.67000000e+00   0.00000000e+00   1.00000000e+00   1.37010553e-01   8.52478792e-05   9.71947706e-01   1.61978488e+00
 8.70000000e+00   0.00000000e+00   1.00000000e+00   1.40054724e-01   1.41860528e-04   9.84483588e-01   1.62187442e+00
 8.73000000e+00   0.00000000e+00   1.00000000e+00   1.42004901e-01   9.90457033e-06   9.92798344e-01   1.62530820e+00
 8.76000000e+00   0.00000000e+00   1.00000000e+00   1.42789145e-01  -5.90824651e-07   9.93892169e-01   1.63065867e+00
 8.79000000e+00   0.00000000e+00   1.00000000e+00   1.43286027e-01   1.34532240e-04   9.94149521e-01   1.63539280e+00
 8.82000000e+00   0.00000000e+00   1.00000000e+00   1.43561924e-01   9.75689296e-05   9.96016725e-01   1.64206451e+00
 8.85000000e+00   0.00000000e+00   1.00000000e+00   1.43057672e-01  -2.37219793e-05   1.00032600e+00   1.64151805e+00
 8.88000000e+00   0.00000000e+00   1.00000000e+00   1.42064603e-01   5.61050579e-05   9.93552439e-01   1.64776030e+00
 8.91000000e+00   0.00000000e+00   1.00000000e+00   1.40951295e-01   1.49447398e-04   9.99236586e-01   1.65215386e+00
 8.94000000e+00   0.00000000e+00   1.00000000e+00   1.39010282e-01   3.79605512e-05   9.99880873e-01   1.65594126e+00
 8.97000000e+00   0.00000000e+00   1.00000000e+00   1.35817139e-01  -1.46309632e-05   9.93201759e-01   1.66196400e+00
 9.00000000e+00   0.00000000e+00   1.00000000e+00   1.32051052e-01   1.16688088e-04   9.82930798e-01   1.66789482e+00
 9.03000000e+00   0.00000000e+00   1.00000000e+00   1.27936093e-01   1.25089404e-04   9.72412786e-01   1.67303278e+00
 9.06000000e+00   0.00000000e+00   1.00000000e+00   1.23056529e-01  -6.06791060e-06   9.58405192e-01   1.67910580e+00
 9.09000000e+00   0.00000000e+00   1.00000000e+00   1.17836331e-01   3.46479112e-05   9.41983996e-01   1.68508379e+00
 9.12000000e+00   0.00000000e+00   1.00000000e+00   1.13045140e-01   1.53933147e-04   9.29602705e-01   1.68857136e+00
 9.15000000e+00   0.00000000e+00   1.00000000e+00   1.08286870e-01   7.40958731e-05   9.20337889e-01   1.69123966e+00
 9.18000000e+00   0.00000000e+00   1.00000000e+00   1.03045322e-01  -1.40627357e-05   9.08943065e-01   1.69483963e+00
 9.21000000e+00   0.00000000e+00   1.00000000e+00   9.77612143e-02   9.90680837e-05   8.96686101e-01   1.69754763e+00
 9.24000000e+00   0.00000000e+00   1.00000000e+00   9.25947540e-02   1.49721131e-04   8.85826117e-01   1.69908771e+00
 9.27000000e+00   0.00000000e+00   1.00000000e+00   8.69188977e-02   2.20195904e-05   8.72103284e-01   1.70191866e+00
 9.30000000e+00   0.00000000e+00   1.00000000e+00   8.09432607e-02   1.96469868e-05   8.54300450e-01   1.70511386e+00
 9.33000000e+00   0.00000000e+00   1.00000000e+00   7.55647878e-02   1.50986714e-04   8.37932737e-01   1.70595081e+00
 9.36000000e+00   0.00000000e+00   1.00000000e+00   7.07772325e-02   1.10240882e-04   8.24960321e-01   1.70561991e+00
 9.39000000e+00   0.00000000e+00   1.00000000e+00   6.61969964e-02  -3.52185870e-06   8.12488468e-01   1.70550557e+00
 9.42000000e+00   0.00000000e+00   1.00000000e+00   6.23299659e-02   7.93694387e-05   8.01791706e-01   1.70350012e+00
 9.45000000e+00   0.00000000e+00   1.00000000e+00   5.94423680e-02   1.65199710e-04   7.95843528e-01   1.69951330e+00
 9.48000000e+00   0.00000000e+00   1.00000000e+00   5.67758691e-02   5.35963258e-05   7.91371015e-01   1.69647353e+00
 9.51000000e+00   0.00000000e+00   1.00000000e+00   5.40810021e-02   8.35529618e-06   7.84435291e-01   1.69414724e+00
 9.54000000e+00   0.00000000e+00   1.00000000e+00   5.19980104e-02   1.36424576e-04   7.77417699e-01   1.69041786e+00
 9.57000000e+00   0.00000000e+00   1.00000000e+00   5.05282218e-02   1.37327162e-04   7.72086476e-01   1.68653155e+00
 9.60000000e+00   0.00000000e+00   1.00000000e+00   4.92509031e-02   1.02028251e-05   7.65852996e-01   1.68368700e+00
 9.63000000e+00   0.00000000e+00   1.00000000e+00   4.87121734e-02   5.45711246e-05   7.59737260e-01   1.67950920e+00
 9.66000000e+00   0.00000000e+00   1.00000000e+00   4.94914231e-02   1.65580984e-04   7.58334858e-01   1.67333824e+00
 9.69000000e+00   0.00000000e+00   1.00000000e+00   5.10475965e-02   8.15743691e-05   7.61167507e-01   1.66764110e+00
 9.72000000e+00   0.00000000e+00   1.00000000e+00   5.29363044e-02  -7.98274376e-07   7.64462840e-01   1.66249220e+00
 9.75000000e+00   0.00000000e+00   1.00000000e+00   5.55717899e-02   1.10143470e-04   7.69443422e-01   1.65634315e+00
 9.78000000e+00   0.00000000e+00   1.00000000e+00   5.87911411e-02   1.51147842e-04   7.77231646e-01   1.65058914e+00
 9.81000000e+00   0.00000000e+00   1.00000000e+00   6.18673145e-02   2.41399262e-05   7.83433229e-01   1.64682392e+00
 9.84000000e+00   0.00000000e+00   1.00000000e+00   6.50175679e-02   2.60878716e-05   7.86811275e-01   1.64334471e+00
 9.87000000e+00   0.00000000e+00   1.00000000e+00   6.89302793e-02   1.50062207e-04   7.92242901e-01   1.63900482e+00
 9.90000000e+00   0.00000000e+00   1.00000000e+00   7.33204314e-02   1.02418669e-04   8.00528729e-01   1.63536302e+00
 9.93000000e+00   0.00000000e+00   1.00000000e+00   7.78450865e-02  -6.63312553e-06   8.08771300e-01   1.63242995e+00
 9.96000000e+00   0.00000000e+00   1.00000000e+00   8.29893947e-02   7.65845578e-05   8.19590495e-01   1.62853189e+00
 9.99000000e+00   0.00000000e+00   1.00000000e+00   8.87553238e-02   1.52920716e-04   8.35837213e-01   1.62449721e+00
 1.00000000e+01   0.00000000e+00   1.00000000e+00   9.06551669e-02   1.29630845e-04   8.42520090e-01   1.62382656e+00