  Time  Coordinate0  Coordinate1  Displacement0  Displacement1  Force0  Force1
 0.00000000e+00   0.00000000e+00   1.00000000e+00   0.00000000e+00   0.00000000e+00   2.29427968e+00  -3.02282515e-14
 1.00000000e+00   0.00000000e+00   1.00000000e+00   2.88366994e-01   5.01936483e-05   1.91972860e+00   2.55945336e+00
 2.00000000e+00   0.00000000e+00   1.00000000e+00   1.38657199e-01   4.97561362e-05   9.71324567e-01   1.18255174e+00
 3.00000000e+00   0.00000000e+00   1.00000000e+00  -1.39449401e-01   8.07189359e-05   1.32107284e+00   4.63023571e-01
 4.00000000e+00   0.00000000e+00   1.00000000e+00   3.65241184e-01  -2.25505959e-04  -5.99393030e+00  -7.94237234e+00
 5.00000000e+00   0.00000000e+00   1.00000000e+00  -1.01904161e-01  -1.03495402e-05   2.08252628e+00  -7.83438543e-01
 6.00000000e+00   0.00000000e+00   1.00000000e+00   6.86433631e-02   1.09096366e-04   7.56147769e-01   2.02657883e+00
 7.00000000e+00   0.00000000e+00   1.00000000e+00   3.45536822e-01   3.89983311e-05   2.14604774e+00   2.43981306e+00
 8.00000000e+00   0.00000000e+00   1.00000000e+00  -2.18775949e-01  -4.43258987e-05   3.92169660e+00  -2.44971831e+00
 9.00000000e+00   0.00000000e+00   1.00000000e+00   3.60791504e-01  -2.33126615e-04  -4.57584770e+00  -7.07696957e+00
 1.00000000e+01   0.00000000e+00   1.00000000e+00   4.93718685e-02   2.74870304e-05   1.04890457e+00   5.56127773e-01