  Time  Coordinate0  Coordinate1  Displacement0  Displacement1  Force0  Force1
 0.00000000e+00   0.00000000e+00   1.00000000e+00   0.00000000e+00   0.00000000e+00   2.29427968e+00  -3.02282515e-14
 1.00000000e+00   0.00000000e+00   1.00000000e+00   1.44297287e-01   3.36573827e-06   1.24511200e+00   2.47195636e+00
 2.00000000e+00   0.00000000e+00   1.00000000e+00   1.17562685e-01   1.87226766e-04   8.51468872e-01   1.24725649e+00
 3.00000000e+00   0.00000000e+00   1.00000000e+00   3.28399664e-02   1.03996989e-04   7.97590064e-01   1.53977722e+00
 4.00000000e+00   0.00000000e+00   1.00000000e+00   1.56643212e-01  -4.47437108e-05   1.13018510e+00   2.05330095e+00
 5.00000000e+00   0.00000000e+00   1.00000000e+00   6.84042368e-02   7.91015034e-05   8.03613575e-01   1.14189441e+00
 6.00000000e+00   0.00000000e+00   1.00000000e+00   8.00267404e-02   1.60829749e-04   8.50969324e-01   1.81415255e+00
 7.00000000e+00   0.00000000e+00   1.00000000e+00   1.38220538e-01   4.11997890e-05   1.00118660e+00   1.76284810e+00
 8.00000000e+00   0.00000000e+00   1.00000000e+00   5.35786936e-02   8.84889876e-06   7.99895646e-01   1.33775864e+00
 9.00000000e+00   0.00000000e+00   1.00000000e+00   1.11810838e-01   1.05659000e-04   9.40524360e-01   1.90066827e+00
 1.00000000e+01   0.00000000e+00   1.00000000e+00   1.08853047e-01   1.17235176e-04   8.86692195e-01   1.51761835e+00