  Time  Coordinate0  Coordinate1  Displacement0  Displacement1  Force0  Force1
 0.00000000e+00   0.00000000e+00   1.00000000e+00   0.00000000e+00   0.00000000e+00   2.29427968e+00  -3.02282515e-14
 2.50000000e-01   0.00000000e+00   1.00000000e+00   1.00232127e-01   8.09303451e-05   9.65510188e-01   2.04360019e+00
 5.00000000e-01   0.00000000e+00   1.00000000e+00   2.21974165e-01   6.81466226e-05   1.35256710e+00   1.89563710e+00
 7.50000000e-01   0.00000000e+00   1.00000000e+00   2.30165054e-01   3.97274134e-05   1.28693350e+00   1.65502826e+00
 1.00000000e+00   0.00000000e+00   1.00000000e+00   1.20809637e-01   5.01481240e-05   9.83393101e-01   1.59018824e+00
 1.25000000e+00   0.00000000e+00   1.00000000e+00  -8.20195084e-03   1.03019604e-04   7.90434973e-01   1.62414149e+00
 1.50000000e+00   0.00000000e+00   1.00000000e+00  -4.22971518e-02   1.06055084e-04   6.48116887e-01   1.66596238e+00
 1.75000000e+00   0.00000000e+00   1.00000000e+00   4.52422323e-02   7.94053047e-05   6.88487819e-01   1.77346460e+00
 2.00000000e+00   0.00000000e+00   1.00000000e+00   1.70483981e-01   7.92659200e-05   1.07831342e+00   1.82525796e+00
 2.25000000e+00   0.00000000e+00   1.00000000e+00   2.23167192e-01   5.27654022e-05   1.25896756e+00   1.70003321e+00
 2.50000000e+00   0.00000000e+00   1.00000000e+00   1.62596851e-01   3.56764466e-05   1.09003569e+00   1.58721876e+00
 2.75000000e+00   0.00000000e+00   1.00000000e+00   4.61326986e-02   8.50617146e-05   8.62146856e-01   1.60821650e+00
 3.00000000e+00   0.00000000e+00   1.00000000e+00  -2.03054205e-02   1.04248055e-04   7.22216366e-01   1.63799862e+00
 3.25000000e+00   0.00000000e+00   1.00000000e+00   2.12461156e-02   7.50506064e-05   6.94508171e-01   1.71101470e+00
 3.50000000e+00   0.00000000e+00   1.00000000e+00   1.27314136e-01   8.07495928e-05   9.49949341e-01   1.78410825e+00
 3.75000000e+00   0.00000000e+00   1.00000000e+00   2.01043712e-01   6.78377174e-05   1.17864758e+00   1.73107273e+00
 4.00000000e+00   0.00000000e+00   1.00000000e+00   1.79322919e-01   3.41752892e-05   1.09896593e+00   1.61324137e+00
 4.25000000e+00   0.00000000e+00   1.00000000e+00   8.27645796e-02   7.24736318e-05   8.82563270e-01   1.60160163e+00
 4.50000000e+00   0.00000000e+00   1.00000000e+00  -1.16862450e-03   1.06812160e-04   7.41886989e-01   1.62955736e+00
 4.75000000e+00   0.00000000e+00   1.00000000e+00   2.27244121e-03   7.97151136e-05   6.64188674e-01   1.68474848e+00
 5.00000000e+00   0.00000000e+00   1.00000000e+00   8.54062911e-02   8.17452682e-05   8.05607674e-01   1.75874325e+00
 5.25000000e+00   0.00000000e+00   1.00000000e+00   1.72374302e-01   7.97988803e-05   1.08863509e+00   1.75661890e+00
 5.50000000e+00   0.00000000e+00   1.00000000e+00   1.89119235e-01   3.69922593e-05   1.16070379e+00   1.65232001e+00
 5.75000000e+00   0.00000000e+00   1.00000000e+00   1.23909326e-01   5.57462858e-05   9.95142210e-01   1.59809361e+00
 6.00000000e+00   0.00000000e+00   1.00000000e+00   3.79090590e-02   9.74315215e-05   8.20510142e-01   1.61733761e+00
 6.25000000e+00   0.00000000e+00   1.00000000e+00   8.90964693e-03   7.85369323e-05   7.24874477e-01   1.65217540e+00
 6.50000000e+00   0.00000000e+00   1.00000000e+00   5.85494733e-02   7.72547171e-05   7.63735305e-01   1.71405091e+00
 6.75000000e+00   0.00000000e+00   1.00000000e+00   1.38441945e-01   8.76758671e-05   9.63947146e-01   1.74478276e+00
 7.00000000e+00   0.00000000e+00   1.00000000e+00   1.76933949e-01   4.87769544e-05   1.08298831e+00   1.68294428e+00
 7.25000000e+00   0.00000000e+00   1.00000000e+00   1.40165054e-01   5.00196073e-05   9.81630041e-01   1.61531225e+00
 7.50000000e+00   0.00000000e+00   1.00000000e+00   6.29332986e-02   9.25671840e-05   8.26382505e-01   1.61779339e+00
 7.75000000e+00   0.00000000e+00   1.00000000e+00   1.59251867e-02   8.37779375e-05   7.31053582e-01   1.64556175e+00
 8.00000000e+00   0.00000000e+00   1.00000000e+00   3.91013264e-02   7.64506210e-05   7.23427557e-01   1.69623430e+00
 8.25000000e+00   0.00000000e+00   1.00000000e+00   1.09790284e-01   8.97670694e-05   8.89618479e-01   1.73828761e+00
 8.50000000e+00   0.00000000e+00   1.00000000e+00   1.65745384e-01   5.82054810e-05   1.08574711e+00   1.70850750e+00
 8.75000000e+00   0.00000000e+00   1.00000000e+00   1.58774310e-01   4.38059594e-05   1.07495896e+00   1.63255516e+00
 9.00000000e+00   0.00000000e+00   1.00000000e+00   9.81391271e-02   7.86999644e-05   9.25217082e-01   1.60978802e+00
 9.25000000e+00   0.00000000e+00   1.00000000e+00   4.00555075e-02   8.11613617e-05   8.00360313e-01   1.62777833e+00
 9.50000000e+00   0.00000000e+00   1.00000000e+00   3.42320264e-02   7.40615215e-05   7.42496073e-01   1.66472817e+00
 9.75000000e+00   0.00000000e+00   1.00000000e+00   8.24834772e-02   8.93929936e-05   8.07180493e-01   1.71071076e+00
 1.00000000e+01   0.00000000e+00   1.00000000e+00   1.39473077e-01   7.04072312e-05   9.60913054e-01   1.71375785e+00