  Time  Coordinate0  Coordinate1  Displacement0  Displacement1  Force0  Force1
 0.00000000e+00   0.00000000e+00   1.00000000e+00   0.00000000e+00   0.00000000e+00   2.29427968e+00  -3.02282515e-14
 5.00000000e-01   0.00000000e+00   1.00000000e+00   1.74762402e-01   2.23650163e-04   1.29332411e+00   2.21464161e+00
 1.00000000e+00   0.00000000e+00   1.00000000e+00   1.31705034e-01  -3.31990895e-05   1.04273719e+00   1.72784606e+00
 1.50000000e+00   0.00000000e+00   1.00000000e+00   2.81454778e-03   4.59463220e-05   7.80252771e-01   1.24577147e+00
 2.00000000e+00   0.00000000e+00   1.00000000e+00   1.33269846e-01   2.22886862e-04   9.57228236e-01   1.94144030e+00
 2.50000000e+00   0.00000000e+00   1.00000000e+00   1.43686523e-01  -9.12916000e-05   1.04467154e+00   1.82359698e+00
 3.00000000e+00   0.00000000e+00   1.00000000e+00   2.22658883e-02   1.27617459e-04   8.10131096e-01   1.34854581e+00
 3.50000000e+00   0.00000000e+00   1.00000000e+00   1.10349915e-01   1.65024957e-04   9.17704304e-01   1.77850164e+00
 4.00000000e+00   0.00000000e+00   1.00000000e+00   1.54006034e-01  -9.53658064e-05   1.09548642e+00   1.84493807e+00
 4.50000000e+00   0.00000000e+00   1.00000000e+00   4.05825799e-02   1.80786440e-04   8.05108609e-01   1.40927081e+00
 5.00000000e+00   0.00000000e+00   1.00000000e+00   8.28158108e-02   9.71648289e-05   7.97136635e-01   1.67306237e+00