  Time  Coordinate0  Coordinate1  Displacement0  Displacement1  Force0  Force1
 0.00000000e+00   0.00000000e+00   1.00000000e+00   0.00000000e+00   0.00000000e+00   2.29427968e+00  -3.02282515e-14
 5.00000000e-01   0.00000000e+00   1.00000000e+00   2.99392123e-01   6.40229169e-05   2.13463656e+00   2.70911549e+00
 1.00000000e+00   0.00000000e+00   1.00000000e+00   1.50583989e-01   4.22651675e-05   1.03418438e+00   1.37413359e+00
 1.50000000e+00   0.00000000e+00   1.00000000e+00  -1.37704018e-01   9.62575422e-05   1.34660032e+00   9.39690489e-01
 2.00000000e+00   0.00000000e+00   1.00000000e+00   2.32947369e-01   8.55142692e-05   1.60708610e+00   2.67505192e+00
 2.50000000e+00   0.00000000e+00   1.00000000e+00   2.23908754e-01   3.60675738e-05   1.26351368e+00   1.59202362e+00
 3.00000000e+00   0.00000000e+00   1.00000000e+00  -1.25643152e-01   8.42087967e-05   1.45631185e+00   8.52043490e-01
 3.50000000e+00   0.00000000e+00   1.00000000e+00   1.62052473e-01   8.65526490e-05   1.17627049e+00   2.35307853e+00
 4.00000000e+00   0.00000000e+00   1.00000000e+00   2.63978456e-01   3.90828318e-05   1.46436562e+00   1.86403750e+00
 4.50000000e+00   0.00000000e+00   1.00000000e+00  -9.58771757e-02   8.04292966e-05   1.44511765e+00   8.48807012e-01
 5.00000000e+00   0.00000000e+00   1.00000000e+00   8.38030180e-02   8.82117312e-05   7.93145251e-01   2.05810047e+00