  Time  Coordinate0  Coordinate1  Displacement0  Displacement1  Force0  Force1
 0.00000000e+00   0.00000000e+00   1.00000000e+00   0.00000000e+00   0.00000000e+00   2.29427968e+00  -3.02282515e-14
 1.00000000e-02   0.00000000e+00   1.00000000e+00   3.17994533e-04   3.17979966e-07   1.14073784e-01  -2.78989147e+00
 2.00000000e-02   0.00000000e+00   1.00000000e+00   1.16557429e-03   3.20721957e-05   2.10681070e+00   5.26364568e+00
 3.00000000e-02   0.00000000e+00   1.00000000e+00   2.35595369e-03   9.67069995e-05   1.14164515e+00   3.27077811e+00
 4.00000000e-02   0.00000000e+00   1.00000000e+00   3.73148761e-03   1.67247526e-04   9.60906893e-01   2.82661977e+00
 5.00000000e-02   0.00000000e+00   1.00000000e+00   5.22496260e-03   2.27319753e-04   8.81692929e-01   2.59129817e+00
 6.00000000e-02   0.00000000e+00   1.00000000e+00   6.76355917e-03   2.66323513e-04   8.36415277e-01   2.45106345e+00
 7.00000000e-02   0.00000000e+00   1.00000000e+00   8.32860464e-03   2.67211325e-04   8.02089726e-01   2.35153360e+00
 8.00000000e-02   0.00000000e+00   1.00000000e+00   1.00645622e-02   2.19458882e-04   7.73547296e-01   2.27615426e+00
 9.00000000e-02   0.00000000e+00   1.00000000e+00   1.23242018e-02   1.30970032e-04   7.49474512e-01   2.21143414e+00
 1.00000000e-01   0.00000000e+00   1.00000000e+00   1.53985782e-02   3.59775994e-05   7.34074967e-01   2.15334189e+00
 1.10000000e-01   0.00000000e+00   1.00000000e+00   1.91525054e-02  -2.46800441e-05   7.31590091e-01   2.10028976e+00
 1.20000000e-01   0.00000000e+00   1.00000000e+00   2.31346822e-02  -3.63075373e-05   7.39534416e-01   2.05478266e+00
 1.30000000e-01   0.00000000e+00   1.00000000e+00   2.70993833e-02  -8.91251861e-06   7.49603514e-01   2.01733526e+00
 1.40000000e-01   0.00000000e+00   1.00000000e+00   3.11401187e-02   4.72174110e-05   7.58100555e-01   1.98611355e+00
 1.50000000e-01   0.00000000e+00   1.00000000e+00   3.52758932e-02   1.28040072e-04   7.67995550e-01   1.96003135e+00
 1.60000000e-01   0.00000000e+00   1.00000000e+00   3.93112756e-02   2.08175281e-04   7.80021904e-01   1.93884081e+00
 1.70000000e-01   0.00000000e+00   1.00000000e+00   4.31622335e-02   2.44771703e-04   7.90191559e-01   1.92205081e+00
 1.80000000e-01   0.00000000e+00   1.00000000e+00   4.69370896e-02   2.21550855e-04   7.96822037e-01   1.90652498e+00
 1.90000000e-01   0.00000000e+00   1.00000000e+00   5.07267677e-02   1.59221784e-04   8.01626625e-01   1.88949842e+00
 2.00000000e-01   0.00000000e+00   1.00000000e+00   5.45882460e-02   8.23917557e-05   8.05861889e-01   1.87083261e+00
 2.10000000e-01   0.00000000e+00   1.00000000e+00   5.85988702e-02   5.39810281e-06   8.10885629e-01   1.85214632e+00
 2.20000000e-01   0.00000000e+00   1.00000000e+00   6.27900454e-02  -5.24475004e-05   8.18784181e-01   1.83480408e+00
 2.30000000e-01   0.00000000e+00   1.00000000e+00   6.71200921e-02  -6.70186523e-05   8.30286530e-01   1.81888664e+00
 2.40000000e-01   0.00000000e+00   1.00000000e+00   7.14372489e-02  -2.68332799e-05   8.45012915e-01   1.80465759e+00
 2.50000000e-01   0.00000000e+00   1.00000000e+00   7.54395031e-02   5.34816038e-05   8.60994057e-01   1.79299893e+00
 2.60000000e-01   0.00000000e+00   1.00000000e+00   7.88974622e-02   1.37591636e-04   8.72943052e-01   1.78458487e+00
 2.70000000e-01   0.00000000e+00   1.00000000e+00   8.19303614e-02   1.94805090e-04   8.76333419e-01   1.77813592e+00
 2.80000000e-01   0.00000000e+00   1.00000000e+00   8.48880738e-02   2.16939684e-04   8.73003391e-01   1.77154065e+00
 2.90000000e-01   0.00000000e+00   1.00000000e+00   8.80069268e-02   2.01099440e-04   8.68890937e-01   1.76414865e+00
 3.00000000e-01   0.00000000e+00   1.00000000e+00   9.12883453e-02   1.41127616e-04   8.67586171e-01   1.75602922e+00
 3.10000000e-01   0.00000000e+00   1.00000000e+00   9.46771297e-02   5.10071065e-05   8.68118392e-01   1.74639113e+00
 3.20000000e-01   0.00000000e+00   1.00000000e+00   9.82535212e-02  -3.04081871e-05   8.68732457e-01   1.73461069e+00
 3.30000000e-01   0.00000000e+00   1.00000000e+00   1.02156925e-01  -7.05899615e-05   8.71144226e-01   1.72195206e+00
 3.40000000e-01   0.00000000e+00   1.00000000e+00   1.06362949e-01  -6.30534607e-05   8.78859215e-01   1.71068819e+00
 3.50000000e-01   0.00000000e+00   1.00000000e+00   1.10675038e-01  -1.73245924e-05   8.92137973e-01   1.70209376e+00
 3.60000000e-01   0.00000000e+00   1.00000000e+00   1.14927050e-01   5.42011898e-05   9.07547775e-01   1.69595864e+00
 3.70000000e-01   0.00000000e+00   1.00000000e+00   1.19064462e-01   1.34898770e-04   9.21917223e-01   1.69146713e+00
 3.80000000e-01   0.00000000e+00   1.00000000e+00   1.23049153e-01   1.97822463e-04   9.34152515e-01   1.68751541e+00
 3.90000000e-01   0.00000000e+00   1.00000000e+00   1.26865974e-01   2.14284372e-04   9.43255200e-01   1.68331489e+00
 4.00000000e-01   0.00000000e+00   1.00000000e+00   1.30662456e-01   1.75885776e-04   9.48797150e-01   1.67836711e+00
 4.10000000e-01   0.00000000e+00   1.00000000e+00   1.34710903e-01   1.02387021e-04   9.53595743e-01   1.67216836e+00
 4.20000000e-01   0.00000000e+00   1.00000000e+00   1.39149820e-01   2.25923954e-05   9.62866222e-01   1.66461900e+00
 4.30000000e-01   0.00000000e+00   1.00000000e+00   1.43841551e-01  -4.42141272e-05   9.79534912e-01   1.65637273e+00
 4.40000000e-01   0.00000000e+00   1.00000000e+00   1.48497510e-01  -8.27944292e-05   1.00177950e+00   1.64845095e+00
 4.50000000e-01   0.00000000e+00   1.00000000e+00   1.52893444e-01  -7.53509462e-05   1.02501665e+00   1.64171360e+00
 4.60000000e-01   0.00000000e+00   1.00000000e+00   1.56975817e-01  -1.76746504e-05   1.04575434e+00   1.63686306e+00
 4.70000000e-01   0.00000000e+00   1.00000000e+00   1.60776091e-01   6.71845870e-05   1.06388837e+00   1.63449009e+00
 4.80000000e-01   0.00000000e+00   1.00000000e+00   1.64241906e-01   1.44018326e-04   1.08080032e+00   1.63447494e+00
 4.90000000e-01   0.00000000e+00   1.00000000e+00   1.67241595e-01   1.88637180e-04   1.09514960e+00   1.63566832e+00
 5.00000000e-01   0.00000000e+00   1.00000000e+00   1.69761898e-01   1.92581031e-04   1.10306730e+00   1.63632663e+00
 5.10000000e-01   0.00000000e+00   1.00000000e+00   1.71989115e-01   1.55496605e-04   1.10356851e+00   1.63533035e+00
 5.20000000e-01   0.00000000e+00   1.00000000e+00   1.74145143e-01   8.36632636e-05   1.10074052e+00   1.63288622e+00
 5.30000000e-01   0.00000000e+00   1.00000000e+00   1.76334841e-01  -2.64419717e-06   1.09946395e+00   1.62978194e+00
 5.40000000e-01   0.00000000e+00   1.00000000e+00   1.78570485e-01  -6.99483448e-05   1.10179135e+00   1.62655724e+00
 5.50000000e-01   0.00000000e+00   1.00000000e+00   1.80816192e-01  -9.11915301e-05   1.10787969e+00   1.62383757e+00
 5.60000000e-01   0.00000000e+00   1.00000000e+00   1.82943467e-01  -6.36880434e-05   1.11720494e+00   1.62248306e+00
 5.70000000e-01   0.00000000e+00   1.00000000e+00   1.84738879e-01  -2.69204109e-06   1.12730819e+00   1.62294825e+00
 5.80000000e-01   0.00000000e+00   1.00000000e+00   1.86064950e-01   7.44123129e-05   1.13364174e+00   1.62492756e+00
 5.90000000e-01   0.00000000e+00   1.00000000e+00   1.87014961e-01   1.48521351e-04   1.13313826e+00   1.62778006e+00
 6.00000000e-01   0.00000000e+00   1.00000000e+00   1.87847726e-01   1.93920612e-04   1.12761348e+00   1.63099594e+00
 6.10000000e-01   0.00000000e+00   1.00000000e+00   1.88758356e-01   1.89454094e-04   1.12178714e+00   1.63380407e+00
 6.20000000e-01   0.00000000e+00   1.00000000e+00   1.89768157e-01   1.36092111e-04   1.11850389e+00   1.63518271e+00
 6.30000000e-01   0.00000000e+00   1.00000000e+00   1.90845986e-01   5.69195780e-05   1.11723562e+00   1.63452837e+00
 6.40000000e-01   0.00000000e+00   1.00000000e+00   1.92046447e-01  -1.98105832e-05   1.11705403e+00   1.63204744e+00
 6.50000000e-01   0.00000000e+00   1.00000000e+00   1.93462798e-01  -7.33790559e-05   1.11959334e+00   1.62877550e+00
 6.60000000e-01   0.00000000e+00   1.00000000e+00   1.95077574e-01  -8.98873026e-05   1.12786105e+00   1.62614950e+00
 6.70000000e-01   0.00000000e+00   1.00000000e+00   1.96708416e-01  -6.07367477e-05   1.14263567e+00   1.62531782e+00
 6.80000000e-01   0.00000000e+00   1.00000000e+00   1.98107176e-01   9.02392208e-06   1.16062566e+00   1.62659138e+00
 6.90000000e-01   0.00000000e+00   1.00000000e+00   1.99107959e-01   9.42155611e-05   1.17637578e+00   1.62939063e+00
 7.00000000e-01   0.00000000e+00   1.00000000e+00   1.99687835e-01   1.61298600e-04   1.18620985e+00   1.63272774e+00
 7.10000000e-01   0.00000000e+00   1.00000000e+00   1.99922925e-01   1.88822096e-04   1.18998108e+00   1.63582117e+00
 7.20000000e-01   0.00000000e+00   1.00000000e+00   1.99941549e-01   1.73146558e-04   1.18959706e+00   1.63822111e+00
 7.30000000e-01   0.00000000e+00   1.00000000e+00   1.99904174e-01   1.20071227e-04   1.18759957e+00   1.63954852e+00
 7.40000000e-01   0.00000000e+00   1.00000000e+00   1.99922941e-01   4.21532737e-05   1.18715094e+00   1.63960005e+00
 7.50000000e-01   0.00000000e+00   1.00000000e+00   1.99942974e-01  -3.67236852e-05   1.19078130e+00   1.63873490e+00
 7.60000000e-01   0.00000000e+00   1.00000000e+00   1.99761000e-01  -8.64659398e-05   1.19776708e+00   1.63784144e+00
 7.70000000e-01   0.00000000e+00   1.00000000e+00   1.99206749e-01  -8.78097470e-05   1.20432607e+00   1.63792987e+00
 7.80000000e-01   0.00000000e+00   1.00000000e+00   1.98259242e-01  -4.32699375e-05   1.20763781e+00   1.63978700e+00
 7.90000000e-01   0.00000000e+00   1.00000000e+00   1.96955774e-01   2.88119395e-05   1.20810652e+00   1.64381267e+00
 8.00000000e-01   0.00000000e+00   1.00000000e+00   1.95257610e-01   1.06483527e-04   1.20664514e+00   1.64980205e+00
 8.10000000e-01   0.00000000e+00   1.00000000e+00   1.93082486e-01   1.68462022e-04   1.20153908e+00   1.65688965e+00
 8.20000000e-01   0.00000000e+00   1.00000000e+00   1.90457219e-01   1.93974492e-04   1.18983490e+00   1.66376176e+00
 8.30000000e-01   0.00000000e+00   1.00000000e+00   1.87581754e-01   1.70517887e-04   1.17136102e+00   1.66908907e+00
 8.40000000e-01   0.00000000e+00   1.00000000e+00   1.84722614e-01   1.05502654e-04   1.15002075e+00   1.67221223e+00
 8.50000000e-01   0.00000000e+00   1.00000000e+00   1.82056556e-01   2.47683213e-05   1.13109517e+00   1.67353806e+00
 8.60000000e-01   0.00000000e+00   1.00000000e+00   1.79608740e-01  -4.31855066e-05   1.11783714e+00   1.67413240e+00
 8.70000000e-01   0.00000000e+00   1.00000000e+00   1.77291770e-01  -7.92693838e-05   1.11030470e+00   1.67489060e+00
 8.80000000e-01   0.00000000e+00   1.00000000e+00   1.74964070e-01  -7.38692487e-05   1.10651343e+00   1.67635325e+00
 8.90000000e-01   0.00000000e+00   1.00000000e+00   1.72478488e-01  -2.59645244e-05   1.10372789e+00   1.67892302e+00
 9.00000000e-01   0.00000000e+00   1.00000000e+00   1.69748595e-01   5.18581814e-05   1.09935494e+00   1.68305312e+00
 9.10000000e-01   0.00000000e+00   1.00000000e+00   1.66810999e-01   1.32543549e-04   1.09178013e+00   1.68862000e+00
 9.20000000e-01   0.00000000e+00   1.00000000e+00   1.63805784e-01   1.86364201e-04   1.08136490e+00   1.69455048e+00
 9.30000000e-01   0.00000000e+00   1.00000000e+00   1.60864514e-01   1.96339669e-04   1.07024729e+00   1.69946504e+00
 9.40000000e-01   0.00000000e+00   1.00000000e+00   1.58021301e-01   1.62831319e-04   1.06039476e+00   1.70257879e+00
 9.50000000e-01   0.00000000e+00   1.00000000e+00   1.55254764e-01   9.75912352e-05   1.05186185e+00   1.70359118e+00
 9.60000000e-01   0.00000000e+00   1.00000000e+00   1.52593416e-01   1.91130434e-05   1.04418675e+00   1.70272217e+00
 9.70000000e-01   0.00000000e+00   1.00000000e+00   1.50111092e-01  -4.78789127e-05   1.03845611e+00   1.70059948e+00
 9.80000000e-01   0.00000000e+00   1.00000000e+00   1.47790269e-01  -7.83246224e-05   1.03713069e+00   1.69861108e+00
 9.90000000e-01   0.00000000e+00   1.00000000e+00   1.45438902e-01  -6.00445321e-05   1.04089554e+00   1.69842285e+00
 1.00000000e+00   0.00000000e+00   1.00000000e+00   1.42790222e-01  -1.17237290e-06   1.04652573e+00   1.70092116e+00
 1.01000000e+00   0.00000000e+00   1.00000000e+00   1.39676058e-01   7.64953431e-05   1.04881062e+00   1.70561517e+00
 1.02000000e+00   0.00000000e+00   1.00000000e+00   1.36096764e-01   1.48965159e-04   1.04454277e+00   1.71134441e+00
 1.03000000e+00   0.00000000e+00   1.00000000e+00   1.32170417e-01   1.95364127e-04   1.03388787e+00   1.71713357e+00
 1.04000000e+00   0.00000000e+00   1.00000000e+00   1.28058777e-01   2.00138800e-04   1.01905993e+00   1.72240707e+00
 1.05000000e+00   0.00000000e+00   1.00000000e+00   1.23915568e-01   1.59292016e-04   1.00267913e+00   1.72637855e+00
 1.06000000e+00   0.00000000e+00   1.00000000e+00   1.19836569e-01   8.63959670e-05   9.86968205e-01   1.72847344e+00
 1.07000000e+00   0.00000000e+00   1.00000000e+00   1.15820009e-01   8.42119336e-06   9.73251475e-01   1.72872545e+00
 1.08000000e+00   0.00000000e+00   1.00000000e+00   1.11785475e-01  -4.76170606e-05   9.61574360e-01   1.72820073e+00
 1.09000000e+00   0.00000000e+00   1.00000000e+00   1.07653225e-01  -6.51724160e-05   9.50873286e-01   1.72836597e+00
 1.10000000e+00   0.00000000e+00   1.00000000e+00   1.03403935e-01  -3.96865012e-05   9.40055566e-01   1.73018364e+00
 1.11000000e+00   0.00000000e+00   1.00000000e+00   9.90499824e-02   2.25734772e-05   9.28811011e-01   1.73389442e+00
 1.12000000e+00   0.00000000e+00   1.00000000e+00   9.45673555e-02   1.03427201e-04   9.17148573e-01   1.73929392e+00
 1.13000000e+00   0.00000000e+00   1.00000000e+00   8.99063936e-02   1.75371152e-04   9.04221629e-01   1.74582663e+00
 1.14000000e+00   0.00000000e+00   1.00000000e+00   8.50995562e-02   2.12860787e-04   8.88406357e-01   1.75216582e+00
 1.15000000e+00   0.00000000e+00   1.00000000e+00   8.03340268e-02   2.04578157e-04   8.69236836e-01   1.75656333e+00
 1.16000000e+00   0.00000000e+00   1.00000000e+00   7.58734775e-02   1.56010504e-04   8.48819318e-01   1.75789510e+00
 1.17000000e+00   0.00000000e+00   1.00000000e+00   7.18917344e-02   8.36486060e-05   8.30856297e-01   1.75642355e+00
 1.18000000e+00   0.00000000e+00   1.00000000e+00   6.83835866e-02   9.52196053e-06   8.18116318e-01   1.75323861e+00
 1.19000000e+00   0.00000000e+00   1.00000000e+00   6.52143277e-02  -4.23241488e-05   8.10839906e-01   1.74947833e+00
 1.20000000e+00   0.00000000e+00   1.00000000e+00   6.22188869e-02  -5.27058599e-05   8.07328520e-01   1.74611826e+00
 1.21000000e+00   0.00000000e+00   1.00000000e+00   5.92597829e-02  -1.68975184e-05   8.05501376e-01   1.74406907e+00
 1.22000000e+00   0.00000000e+00   1.00000000e+00   5.62511359e-02   5.19203554e-05   8.03686374e-01   1.74407558e+00
 1.23000000e+00   0.00000000e+00   1.00000000e+00   5.31792034e-02   1.29700765e-04   8.00668416e-01   1.74609829e+00
 1.24000000e+00   0.00000000e+00   1.00000000e+00   5.00954899e-02   1.92074293e-04   7.95915588e-01   1.74905996e+00
 1.25000000e+00   0.00000000e+00   1.00000000e+00   4.70639758e-02   2.20465022e-04   7.89780802e-01   1.75143547e+00
 1.26000000e+00   0.00000000e+00   1.00000000e+00   4.41167165e-02   2.05133759e-04   7.83016136e-01   1.75212668e+00
 1.27000000e+00   0.00000000e+00   1.00000000e+00   4.12739202e-02   1.49435281e-04   7.76050491e-01   1.75066036e+00
 1.28000000e+00   0.00000000e+00   1.00000000e+00   3.85877718e-02   7.19887910e-05   7.69141274e-01   1.74715002e+00
 1.29000000e+00   0.00000000e+00   1.00000000e+00   3.61199442e-02   3.59333262e-07   7.63143123e-01   1.74225914e+00
 1.30000000e+00   0.00000000e+00   1.00000000e+00   3.38487825e-02  -4.12775784e-05   7.59552151e-01   1.73724792e+00
 1.31000000e+00   0.00000000e+00   1.00000000e+00   3.16137929e-02  -4.07880158e-05   7.59152197e-01   1.73365768e+00
 1.32000000e+00   0.00000000e+00   1.00000000e+00   2.91872393e-02   8.79484511e-07   7.60527039e-01   1.73258306e+00
 1.33000000e+00   0.00000000e+00   1.00000000e+00   2.64246687e-02   7.15171025e-05   7.60489847e-01   1.73407105e+00
 1.34000000e+00   0.00000000e+00   1.00000000e+00   2.33549392e-02   1.49298469e-04   7.56354835e-01   1.73716241e+00
 1.35000000e+00   0.00000000e+00   1.00000000e+00   2.01389280e-02   2.07866389e-04   7.47749531e-01   1.74058805e+00
 1.36000000e+00   0.00000000e+00   1.00000000e+00   1.69636920e-02   2.26736217e-04   7.36270740e-01   1.74325533e+00
 1.37000000e+00   0.00000000e+00   1.00000000e+00   1.39739122e-02   2.00557281e-04   7.23910878e-01   1.74422555e+00
 1.38000000e+00   0.00000000e+00   1.00000000e+00   1.12594741e-02   1.39864006e-04   7.12066955e-01   1.74278967e+00
 1.39000000e+00   0.00000000e+00   1.00000000e+00   8.85738577e-03   6.48300205e-05   7.01627503e-01   1.73884945e+00
 1.40000000e+00   0.00000000e+00   1.00000000e+00   6.75516659e-03  -1.18274390e-06   6.93219087e-01   1.73326537e+00
 1.41000000e+00   0.00000000e+00   1.00000000e+00   4.91331826e-03  -3.65755660e-05   6.86996939e-01   1.72752055e+00
 1.42000000e+00   0.00000000e+00   1.00000000e+00   3.29256793e-03  -2.80733326e-05   6.82582927e-01   1.72302312e+00
 1.43000000e+00   0.00000000e+00   1.00000000e+00   1.84962345e-03   2.23793405e-05   6.79475076e-01   1.72049894e+00
 1.44000000e+00   0.00000000e+00   1.00000000e+00   5.17163757e-04   9.70316282e-05   6.77255716e-01   1.71987826e+00
 1.45000000e+00   0.00000000e+00   1.00000000e+00  -7.69324722e-04   1.70275912e-04   6.75130639e-01   1.72044709e+00
 1.46000000e+00   0.00000000e+00   1.00000000e+00  -1.99092418e-03   2.18884188e-04   6.71706388e-01   1.72107907e+00
 1.47000000e+00   0.00000000e+00   1.00000000e+00  -3.00018873e-03   2.28185654e-04   6.65919971e-01   1.72046936e+00
 1.48000000e+00   0.00000000e+00   1.00000000e+00  -3.59081019e-03   1.94718604e-04   6.58426653e-01   1.71757477e+00
 1.49000000e+00   0.00000000e+00   1.00000000e+00  -3.63735702e-03   1.28148196e-04   6.51773277e-01   1.71210159e+00
 1.50000000e+00   0.00000000e+00   1.00000000e+00  -3.17805159e-03   5.03901577e-05   6.48749994e-01   1.70465370e+00
 1.51000000e+00   0.00000000e+00   1.00000000e+00  -2.37574272e-03  -1.17429094e-05   6.50344650e-01   1.69645816e+00
 1.52000000e+00   0.00000000e+00   1.00000000e+00  -1.41530996e-03  -3.76525661e-05   6.55396838e-01   1.68888213e+00
 1.53000000e+00   0.00000000e+00   1.00000000e+00  -4.33692047e-04  -2.02174724e-05   6.61930233e-01   1.68298985e+00
 1.54000000e+00   0.00000000e+00   1.00000000e+00   4.88571072e-04   3.39922062e-05   6.68448335e-01   1.67939007e+00
 1.55000000e+00   0.00000000e+00   1.00000000e+00   1.31293357e-03   1.07946538e-04   6.74058400e-01   1.67811077e+00
 1.56000000e+00   0.00000000e+00   1.00000000e+00   2.03795231e-03   1.78000274e-04   6.78085781e-01   1.67841795e+00
 1.57000000e+00   0.00000000e+00   1.00000000e+00   2.69716971e-03   2.20181930e-04   6.80066514e-01   1.67895147e+00
 1.58000000e+00   0.00000000e+00   1.00000000e+00   3.35009913e-03   2.19390038e-04   6.80012861e-01   1.67832228e+00
 1.59000000e+00   0.00000000e+00   1.00000000e+00   4.07631791e-03   1.76200127e-04   6.78417986e-01   1.67573584e+00
 1.60000000e+00   0.00000000e+00   1.00000000e+00   4.97000769e-03   1.05950500e-04   6.76094584e-01   1.67121935e+00
 1.61000000e+00   0.00000000e+00   1.00000000e+00   6.10528287e-03   3.16857015e-05   6.74233919e-01   1.66544246e+00
 1.62000000e+00   0.00000000e+00   1.00000000e+00   7.47041994e-03  -2.33391540e-05   6.74319452e-01   1.65937492e+00
 1.63000000e+00   0.00000000e+00   1.00000000e+00   8.93554880e-03  -4.13769905e-05   6.77250712e-01   1.65411863e+00
 1.64000000e+00   0.00000000e+00   1.00000000e+00   1.03174565e-02  -1.56002004e-05   6.82150929e-01   1.65064451e+00
 1.65000000e+00   0.00000000e+00   1.00000000e+00   1.15068906e-02   4.59028468e-05   6.86503338e-01   1.64933139e+00
 1.66000000e+00   0.00000000e+00   1.00000000e+00   1.25457412e-02   1.21921881e-04   6.87935779e-01   1.64974644e+00
 1.67000000e+00   0.00000000e+00   1.00000000e+00   1.35900397e-02   1.86586360e-04   6.85886301e-01   1.65085926e+00
 1.68000000e+00   0.00000000e+00   1.00000000e+00   1.48108250e-02   2.19141279e-04   6.81624061e-01   1.65152307e+00
 1.69000000e+00   0.00000000e+00   1.00000000e+00   1.63276973e-02   2.09687571e-04   6.76962889e-01   1.65076237e+00
 1.70000000e+00   0.00000000e+00   1.00000000e+00   1.82060779e-02   1.60914166e-04   6.73201195e-01   1.64793081e+00
 1.71000000e+00   0.00000000e+00   1.00000000e+00   2.04772640e-02   8.78162379e-05   6.71085610e-01   1.64288383e+00
 1.72000000e+00   0.00000000e+00   1.00000000e+00   2.31413688e-02   1.43850318e-05   6.71274955e-01   1.63619145e+00
 1.73000000e+00   0.00000000e+00   1.00000000e+00   2.61568544e-02  -3.44355218e-05   6.74426075e-01   1.62917619e+00
 1.74000000e+00   0.00000000e+00   1.00000000e+00   2.94377460e-02  -4.26015847e-05   6.80791960e-01   1.62329272e+00
 1.75000000e+00   0.00000000e+00   1.00000000e+00   3.28649285e-02  -8.59201272e-06   6.89899802e-01   1.61937486e+00
 1.76000000e+00   0.00000000e+00   1.00000000e+00   3.63114523e-02   5.55805015e-05   7.00531050e-01   1.61738348e+00
 1.77000000e+00   0.00000000e+00   1.00000000e+00   3.96877381e-02   1.29090754e-04   7.10940259e-01   1.61668351e+00
 1.78000000e+00   0.00000000e+00   1.00000000e+00   4.29959266e-02   1.87979104e-04   7.19443823e-01   1.61644230e+00
 1.79000000e+00   0.00000000e+00   1.00000000e+00   4.63466136e-02   2.12028024e-04   7.25403842e-01   1.61579946e+00
 1.80000000e+00   0.00000000e+00   1.00000000e+00   4.98963280e-02   1.92299075e-04   7.29951673e-01   1.61396193e+00
 1.81000000e+00   0.00000000e+00   1.00000000e+00   5.37354611e-02   1.35285689e-04   7.35564487e-01   1.61046377e+00
 1.82000000e+00   0.00000000e+00   1.00000000e+00   5.78189804e-02   6.02419480e-05   7.44463790e-01   1.60552439e+00
 1.83000000e+00   0.00000000e+00   1.00000000e+00   6.19986025e-02  -8.49591408e-06   7.56998627e-01   1.60001546e+00
 1.84000000e+00   0.00000000e+00   1.00000000e+00   6.61148183e-02  -4.93898186e-05   7.71661463e-01   1.59497366e+00
 1.85000000e+00   0.00000000e+00   1.00000000e+00   7.00594087e-02  -4.94582629e-05   7.86504594e-01   1.59139111e+00
 1.86000000e+00   0.00000000e+00   1.00000000e+00   7.37738534e-02  -8.30285981e-06   8.00274779e-01   1.58986763e+00
 1.87000000e+00   0.00000000e+00   1.00000000e+00   7.72251940e-02   6.05536822e-05   8.12231698e-01   1.59042904e+00
 1.88000000e+00   0.00000000e+00   1.00000000e+00   8.04061240e-02   1.33557696e-04   8.21602076e-01   1.59243989e+00
 1.89000000e+00   0.00000000e+00   1.00000000e+00   8.33561405e-02   1.85890230e-04   8.27650882e-01   1.59479066e+00
 1.90000000e+00   0.00000000e+00   1.00000000e+00   8.61718238e-02   2.00505097e-04   8.30279777e-01   1.59632192e+00
 1.91000000e+00   0.00000000e+00   1.00000000e+00   8.89896402e-02   1.73036526e-04   8.30458637e-01   1.59632152e+00
 1.92000000e+00   0.00000000e+00   1.00000000e+00   9.19458222e-02   1.12199701e-04   8.30113574e-01   1.59477563e+00
 1.93000000e+00   0.00000000e+00   1.00000000e+00   9.51236152e-02   3.73026911e-05   8.31487395e-01   1.59218708e+00
 1.94000000e+00   0.00000000e+00   1.00000000e+00   9.85073943e-02  -2.70595637e-05   8.36263795e-01   1.58924910e+00
 1.95000000e+00   0.00000000e+00   1.00000000e+00   1.01979331e-01  -5.92511840e-05   8.44706211e-01   1.58675940e+00
 1.96000000e+00   0.00000000e+00   1.00000000e+00   1.05382437e-01  -4.87931547e-05   8.55256593e-01   1.58539513e+00
 1.97000000e+00   0.00000000e+00   1.00000000e+00   1.08619308e-01   6.45738760e-08   8.65320098e-01   1.58549595e+00
 1.98000000e+00   0.00000000e+00   1.00000000e+00   1.11711148e-01   7.07411485e-05   8.72961796e-01   1.58683428e+00
 1.99000000e+00   0.00000000e+00   1.00000000e+00   1.14769739e-01   1.40187868e-04   8.78116405e-01   1.58898388e+00
 2.00000000e+00   0.00000000e+00   1.00000000e+00   1.17916663e-01   1.85664519e-04   8.82228873e-01   1.59108021e+00
 2.01000000e+00   0.00000000e+00   1.00000000e+00   1.21227403e-01   1.91617639e-04   8.86908475e-01   1.59222166e+00
 2.02000000e+00   0.00000000e+00   1.00000000e+00   1.24734394e-01   1.55409697e-04   8.93108201e-01   1.59173445e+00
 2.03000000e+00   0.00000000e+00   1.00000000e+00   1.28451870e-01   8.89648851e-05   9.01331352e-01   1.58945155e+00
 2.04000000e+00   0.00000000e+00   1.00000000e+00   1.32373582e-01   1.44697698e-05   9.12413308e-01   1.58604901e+00
 2.05000000e+00   0.00000000e+00   1.00000000e+00   1.36443925e-01  -4.38180978e-05   9.27186856e-01   1.58257665e+00
 2.06000000e+00   0.00000000e+00   1.00000000e+00   1.40541767e-01  -6.74682973e-05   9.45786166e-01   1.58015310e+00
 2.07000000e+00   0.00000000e+00   1.00000000e+00   1.44502879e-01  -4.90884286e-05   9.66880144e-01   1.57937010e+00
 2.08000000e+00   0.00000000e+00   1.00000000e+00   1.48172301e-01   5.36201288e-06   9.87862464e-01   1.58022570e+00
 2.09000000e+00   0.00000000e+00   1.00000000e+00   1.51462050e-01   7.77760748e-05   1.00582491e+00   1.58224615e+00
 2.10000000e+00   0.00000000e+00   1.00000000e+00   1.54388671e-01   1.43610349e-04   1.01893492e+00   1.58482371e+00
 2.11000000e+00   0.00000000e+00   1.00000000e+00   1.57065336e-01   1.80675002e-04   1.02731697e+00   1.58725386e+00
 2.12000000e+00   0.00000000e+00   1.00000000e+00   1.59638594e-01   1.76897078e-04   1.03300346e+00   1.58900511e+00
 2.13000000e+00   0.00000000e+00   1.00000000e+00   1.62200900e-01   1.33729227e-04   1.03870832e+00   1.58973341e+00
 2.14000000e+00   0.00000000e+00   1.00000000e+00   1.64741096e-01   6.50596676e-05   1.04627024e+00   1.58947699e+00
 2.15000000e+00   0.00000000e+00   1.00000000e+00   1.67169296e-01  -6.99643974e-06   1.05571897e+00   1.58865453e+00
 2.16000000e+00   0.00000000e+00   1.00000000e+00   1.69385709e-01  -5.87036055e-05   1.06576476e+00   1.58799573e+00
 2.17000000e+00   0.00000000e+00   1.00000000e+00   1.71327630e-01  -7.27088864e-05   1.07504652e+00   1.58833958e+00
 2.18000000e+00   0.00000000e+00   1.00000000e+00   1.72965550e-01  -4.44788778e-05   1.08278346e+00   1.59026070e+00
 2.19000000e+00   0.00000000e+00   1.00000000e+00   1.74281249e-01   1.61763507e-05   1.08845227e+00   1.59386603e+00
 2.20000000e+00   0.00000000e+00   1.00000000e+00   1.75273493e-01   8.90257456e-05   1.09118293e+00   1.59862365e+00
 2.21000000e+00   0.00000000e+00   1.00000000e+00   1.75991511e-01   1.50314132e-04   1.09004887e+00   1.60356536e+00
 2.22000000e+00   0.00000000e+00   1.00000000e+00   1.76554613e-01   1.80020258e-04   1.08515517e+00   1.60771848e+00
 2.23000000e+00   0.00000000e+00   1.00000000e+00   1.77126402e-01   1.68117218e-04   1.07822419e+00   1.61046616e+00
 2.24000000e+00   0.00000000e+00   1.00000000e+00   1.77853650e-01   1.18333143e-04   1.07213636e+00   1.61172093e+00
 2.25000000e+00   0.00000000e+00   1.00000000e+00   1.78805028e-01   4.73275254e-05   1.06967078e+00   1.61182324e+00
 2.26000000e+00   0.00000000e+00   1.00000000e+00   1.79941244e-01  -2.11828192e-05   1.07227746e+00   1.61137296e+00
 2.27000000e+00   0.00000000e+00   1.00000000e+00   1.81133278e-01  -6.47636387e-05   1.07948282e+00   1.61108875e+00
 2.28000000e+00   0.00000000e+00   1.00000000e+00   1.82225590e-01  -6.94525916e-05   1.08915344e+00   1.61163539e+00
 2.29000000e+00   0.00000000e+00   1.00000000e+00   1.83112909e-01  -3.37841517e-05   1.09855257e+00   1.61337594e+00
 2.30000000e+00   0.00000000e+00   1.00000000e+00   1.83781301e-01   3.07215532e-05   1.10579705e+00   1.61631161e+00
 2.31000000e+00   0.00000000e+00   1.00000000e+00   1.84286867e-01   1.02794972e-04   1.11060357e+00   1.62002666e+00
 2.32000000e+00   0.00000000e+00   1.00000000e+00   1.84698675e-01   1.58294521e-04   1.11384957e+00   1.62381954e+00
 2.33000000e+00   0.00000000e+00   1.00000000e+00   1.85060711e-01   1.78702227e-04   1.11649329e+00   1.62688063e+00
 2.34000000e+00   0.00000000e+00   1.00000000e+00   1.85396376e-01   1.57507373e-04   1.11908537e+00   1.62860914e+00
 2.35000000e+00   0.00000000e+00   1.00000000e+00   1.85725586e-01   1.01922406e-04   1.12214708e+00   1.62887768e+00
 2.36000000e+00   0.00000000e+00   1.00000000e+00   1.86054088e-01   3.01338928e-05   1.12664168e+00   1.62817883e+00
 2.37000000e+00   0.00000000e+00   1.00000000e+00   1.86336822e-01  -3.44150834e-05   1.13361983e+00   1.62745394e+00
 2.38000000e+00   0.00000000e+00   1.00000000e+00   1.86457401e-01  -7.03604389e-05   1.14311460e+00   1.62769161e+00
 2.39000000e+00   0.00000000e+00   1.00000000e+00   1.86256502e-01  -6.56265880e-05   1.15338463e+00   1.62953262e+00
 2.40000000e+00   0.00000000e+00   1.00000000e+00   1.85598060e-01  -2.18253353e-05   1.16135774e+00   1.63309135e+00
 2.41000000e+00   0.00000000e+00   1.00000000e+00   1.84431967e-01   4.63335479e-05   1.16413465e+00   1.63801313e+00
 2.42000000e+00   0.00000000e+00   1.00000000e+00   1.82817464e-01   1.16364347e-04   1.16047593e+00   1.64363391e+00
 2.43000000e+00   0.00000000e+00   1.00000000e+00   1.80896450e-01   1.65536057e-04   1.15135388e+00   1.64923510e+00
 2.44000000e+00   0.00000000e+00   1.00000000e+00   1.78830418e-01   1.77940497e-04   1.13924115e+00   1.65413427e+00
 2.45000000e+00   0.00000000e+00   1.00000000e+00   1.76733386e-01   1.49492486e-04   1.12681903e+00   1.65783796e+00
 2.46000000e+00   0.00000000e+00   1.00000000e+00   1.74638811e-01   8.96119047e-05   1.11587009e+00   1.66025844e+00
 2.47000000e+00   0.00000000e+00   1.00000000e+00   1.72517374e-01   1.84248328e-05   1.10682721e+00   1.66175569e+00
 2.48000000e+00   0.00000000e+00   1.00000000e+00   1.70322390e-01  -4.01406920e-05   1.09920605e+00   1.66306115e+00
 2.49000000e+00   0.00000000e+00   1.00000000e+00   1.68019367e-01  -6.66310144e-05   1.09238448e+00   1.66502671e+00
 2.50000000e+00   0.00000000e+00   1.00000000e+00   1.65582121e-01  -5.23478098e-05   1.08585846e+00   1.66825827e+00
 2.51000000e+00   0.00000000e+00   1.00000000e+00   1.62981757e-01  -1.82462448e-06   1.07904010e+00   1.67296021e+00
 2.52000000e+00   0.00000000e+00   1.00000000e+00   1.60202835e-01   6.86640473e-05   1.07084844e+00   1.67867839e+00
 2.53000000e+00   0.00000000e+00   1.00000000e+00   1.57282370e-01   1.36112012e-04   1.06023222e+00   1.68455231e+00
 2.54000000e+00   0.00000000e+00   1.00000000e+00   1.54330027e-01   1.78290027e-04   1.04721840e+00   1.68958701e+00
 2.55000000e+00   0.00000000e+00   1.00000000e+00   1.51497367e-01   1.81436962e-04   1.03325669e+00   1.69292535e+00
 2.56000000e+00   0.00000000e+00   1.00000000e+00   1.48909043e-01   1.44948318e-04   1.02097648e+00   1.69442331e+00
 2.57000000e+00   0.00000000e+00   1.00000000e+00   1.46600866e-01   8.12518260e-05   1.01264233e+00   1.69436131e+00
 2.58000000e+00   0.00000000e+00   1.00000000e+00   1.44502079e-01   1.14347890e-05   1.00912889e+00   1.69340822e+00
 2.59000000e+00   0.00000000e+00   1.00000000e+00   1.42468026e-01  -4.15106445e-05   1.00961330e+00   1.69247236e+00
 2.60000000e+00   0.00000000e+00   1.00000000e+00   1.40342284e-01  -5.99427043e-05   1.01202163e+00   1.69243244e+00
 2.61000000e+00   0.00000000e+00   1.00000000e+00   1.38015203e-01  -3.74772700e-05   1.01398542e+00   1.69384964e+00
 2.62000000e+00   0.00000000e+00   1.00000000e+00   1.35449784e-01   1.85846606e-05   1.01385181e+00   1.69684549e+00
 2.63000000e+00   0.00000000e+00   1.00000000e+00   1.32666809e-01   8.96850224e-05   1.01103324e+00   1.70102625e+00
 2.64000000e+00   0.00000000e+00   1.00000000e+00   1.29710221e-01   1.52458180e-04   1.00568536e+00   1.70562070e+00
 2.65000000e+00   0.00000000e+00   1.00000000e+00   1.26625493e-01   1.86535937e-04   9.98257722e-01   1.70961418e+00
 2.66000000e+00   0.00000000e+00   1.00000000e+00   1.23461998e-01   1.81000098e-04   9.89266929e-01   1.71235600e+00
 2.67000000e+00   0.00000000e+00   1.00000000e+00   1.20276720e-01   1.37821597e-04   9.79500057e-01   1.71359301e+00
 2.68000000e+00   0.00000000e+00   1.00000000e+00   1.17112294e-01   7.14122333e-05   9.70173548e-01   1.71360330e+00
 2.69000000e+00   0.00000000e+00   1.00000000e+00   1.13956586e-01   4.05164265e-06   9.62503857e-01   1.71323596e+00
 2.70000000e+00   0.00000000e+00   1.00000000e+00   1.10723854e-01  -4.16365139e-05   9.56739418e-01   1.71351302e+00
 2.71000000e+00   0.00000000e+00   1.00000000e+00   1.07287376e-01  -5.03913057e-05   9.51666490e-01   1.71523209e+00
 2.72000000e+00   0.00000000e+00   1.00000000e+00   1.03548995e-01  -1.92415173e-05   9.45111487e-01   1.71867483e+00
 2.73000000e+00   0.00000000e+00   1.00000000e+00   9.94989318e-02   4.18128930e-05   9.35169797e-01   1.72354190e+00
 2.74000000e+00   0.00000000e+00   1.00000000e+00   9.52285551e-02   1.13108631e-04   9.21284750e-01   1.72907366e+00
 2.75000000e+00   0.00000000e+00   1.00000000e+00   9.08937973e-02   1.71535138e-04   9.04418772e-01   1.73439776e+00
 2.76000000e+00   0.00000000e+00   1.00000000e+00   8.66552600e-02   1.98076549e-04   8.86394961e-01   1.73861222e+00
 2.77000000e+00   0.00000000e+00   1.00000000e+00   8.26275851e-02   1.84293184e-04   8.69071560e-01   1.74102127e+00
 2.78000000e+00   0.00000000e+00   1.00000000e+00   7.88596826e-02   1.35212926e-04   8.53761522e-01   1.74137591e+00
 2.79000000e+00   0.00000000e+00   1.00000000e+00   7.53469258e-02   6.74842303e-05   8.41066463e-01   1.74003009e+00
 2.80000000e+00   0.00000000e+00   1.00000000e+00   7.20563153e-02   3.71758511e-06   8.31029145e-01   1.73787589e+00
 2.81000000e+00   0.00000000e+00   1.00000000e+00   6.89411930e-02  -3.48620559e-05   8.23396453e-01   1.73595698e+00
 2.82000000e+00   0.00000000e+00   1.00000000e+00   6.59408392e-02  -3.52469795e-05   8.17713367e-01   1.73512957e+00
 2.83000000e+00   0.00000000e+00   1.00000000e+00   6.29845620e-02   2.99300157e-06   8.13179281e-01   1.73572652e+00
 2.84000000e+00   0.00000000e+00   1.00000000e+00   6.00195898e-02   6.73948628e-05   8.08603624e-01   1.73752574e+00
 2.85000000e+00   0.00000000e+00   1.00000000e+00   5.70519904e-02   1.36762879e-04   8.02780548e-01   1.73975119e+00
 2.86000000e+00   0.00000000e+00   1.00000000e+00   5.41630647e-02   1.88373437e-04   7.95236668e-01   1.74139838e+00
 2.87000000e+00   0.00000000e+00   1.00000000e+00   5.14750842e-02   2.05498033e-04   7.86704335e-01   1.74163777e+00
 2.88000000e+00   0.00000000e+00   1.00000000e+00   4.90824359e-02   1.82721326e-04   7.78832780e-01   1.74006345e+00
 2.89000000e+00   0.00000000e+00   1.00000000e+00   4.69946811e-02   1.27629877e-04   7.73310148e-01   1.73684536e+00
 2.90000000e+00   0.00000000e+00   1.00000000e+00   4.51277083e-02   5.84587367e-05   7.70927465e-01   1.73264546e+00
 2.91000000e+00   0.00000000e+00   1.00000000e+00   4.33421773e-02  -1.80802243e-06   7.71213472e-01   1.72839852e+00
 2.92000000e+00   0.00000000e+00   1.00000000e+00   4.15000024e-02  -3.31319448e-05   7.72781344e-01   1.72509418e+00
 2.93000000e+00   0.00000000e+00   1.00000000e+00   3.95074377e-02  -2.51473456e-05   7.74031283e-01   1.72345959e+00
 2.94000000e+00   0.00000000e+00   1.00000000e+00   3.73295977e-02   1.95167023e-05   7.73729566e-01   1.72370505e+00
 2.95000000e+00   0.00000000e+00   1.00000000e+00   3.49808310e-02   8.62555307e-05   7.71222413e-01   1.72543276e+00
 2.96000000e+00   0.00000000e+00   1.00000000e+00   3.25077821e-02   1.53267223e-04   7.66356074e-01   1.72776669e+00
 2.97000000e+00   0.00000000e+00   1.00000000e+00   2.99803270e-02   1.98597823e-04   7.59324151e-01   1.72969648e+00
 2.98000000e+00   0.00000000e+00   1.00000000e+00   2.74895702e-02   2.07402469e-04   7.50619244e-01   1.73033924e+00
 2.99000000e+00   0.00000000e+00   1.00000000e+00   2.51361349e-02   1.77005649e-04   7.41105723e-01   1.72922342e+00
 3.00000000e+00   0.00000000e+00   1.00000000e+00   2.29967276e-02   1.17798771e-04   7.32005995e-01   1.72648318e+00
 3.01000000e+00   0.00000000e+00   1.00000000e+00   2.10834381e-02   4.96137254e-05   7.24569744e-01   1.72278337e+00
 3.02000000e+00   0.00000000e+00   1.00000000e+00   1.93306062e-02  -4.95009681e-06   7.19442892e-01   1.71909138e+00
 3.03000000e+00   0.00000000e+00   1.00000000e+00   1.76307474e-02  -2.78405705e-05   7.16179707e-01   1.71631401e+00
 3.04000000e+00   0.00000000e+00   1.00000000e+00   1.59017784e-02  -1.13323233e-05   7.13394636e-01   1.71493140e+00
 3.05000000e+00   0.00000000e+00   1.00000000e+00   1.41405030e-02   3.93492018e-05   7.09563325e-01   1.71486729e+00
 3.06000000e+00   0.00000000e+00   1.00000000e+00   1.24285795e-02   1.07598505e-04   7.03870365e-01   1.71557122e+00
 3.07000000e+00   0.00000000e+00   1.00000000e+00   1.08941587e-02   1.70942674e-04   6.96519315e-01   1.71620580e+00
 3.08000000e+00   0.00000000e+00   1.00000000e+00   9.65987001e-03   2.08593642e-04   6.88475434e-01   1.71587863e+00
 3.09000000e+00   0.00000000e+00   1.00000000e+00   8.80676728e-03   2.08288076e-04   6.80942681e-01   1.71386189e+00
 3.10000000e+00   0.00000000e+00   1.00000000e+00   8.36407924e-03   1.70199222e-04   6.74959092e-01   1.70985578e+00
 3.11000000e+00   0.00000000e+00   1.00000000e+00   8.31622803e-03   1.06843227e-04   6.71217745e-01   1.70415561e+00
 3.12000000e+00   0.00000000e+00   1.00000000e+00   8.61254159e-03   3.90566450e-05   6.70072542e-01   1.69762216e+00
 3.13000000e+00   0.00000000e+00   1.00000000e+00   9.17168695e-03  -1.08128163e-05   6.71556382e-01   1.69135490e+00
 3.14000000e+00   0.00000000e+00   1.00000000e+00   9.88631213e-03  -2.63845955e-05   6.75320460e-01   1.68627197e+00
 3.15000000e+00   0.00000000e+00   1.00000000e+00   1.06417726e-02  -2.75135372e-06   6.80479822e-01   1.68284675e+00
 3.16000000e+00   0.00000000e+00   1.00000000e+00   1.13541223e-02   5.20112666e-05   6.85658156e-01   1.68096763e+00
 3.17000000e+00   0.00000000e+00   1.00000000e+00   1.20097260e-02   1.19681606e-04   6.89427554e-01   1.68004832e+00
 3.18000000e+00   0.00000000e+00   1.00000000e+00   1.26745836e-02   1.77875851e-04   6.91026237e-01   1.67923894e+00
 3.19000000e+00   0.00000000e+00   1.00000000e+00   1.34566538e-02   2.07293043e-04   6.90843332e-01   1.67773289e+00
 3.20000000e+00   0.00000000e+00   1.00000000e+00   1.44407103e-02   1.98053641e-04   6.90229002e-01   1.67498571e+00
 3.21000000e+00   0.00000000e+00   1.00000000e+00   1.56385684e-02   1.53060436e-04   6.90721670e-01   1.67090353e+00
 3.22000000e+00   0.00000000e+00   1.00000000e+00   1.69850622e-02   8.70865323e-05   6.93171790e-01   1.66587701e+00
 3.23000000e+00   0.00000000e+00   1.00000000e+00   1.83745998e-02   2.18144284e-05   6.97389475e-01   1.66066530e+00
 3.24000000e+00   0.00000000e+00   1.00000000e+00   1.97078139e-02  -2.13800833e-05   7.02425248e-01   1.65617516e+00
 3.25000000e+00   0.00000000e+00   1.00000000e+00   2.09212865e-02  -2.84184625e-05   7.07147711e-01   1.65311210e+00
 3.26000000e+00   0.00000000e+00   1.00000000e+00   2.19946814e-02   2.91881756e-06   7.10655263e-01   1.65173686e+00
 3.27000000e+00   0.00000000e+00   1.00000000e+00   2.29464755e-02   6.22224060e-05   7.12372964e-01   1.65179062e+00
 3.28000000e+00   0.00000000e+00   1.00000000e+00   2.38305838e-02   1.29807769e-04   7.12009150e-01   1.65254829e+00
 3.29000000e+00   0.00000000e+00   1.00000000e+00   2.47357507e-02   1.83250516e-04   7.09596485e-01   1.65307020e+00
 3.30000000e+00   0.00000000e+00   1.00000000e+00   2.57784335e-02   2.04891407e-04   7.05625055e-01   1.65252020e+00
 3.31000000e+00   0.00000000e+00   1.00000000e+00   2.70780020e-02   1.87643755e-04   7.01137057e-01   1.65043199e+00
 3.32000000e+00   0.00000000e+00   1.00000000e+00   2.87152635e-02   1.37189908e-04   6.97601710e-01   1.64683429e+00
 3.33000000e+00   0.00000000e+00   1.00000000e+00   3.06948053e-02   7.00438785e-05   6.96452369e-01   1.64221103e+00
 3.34000000e+00   0.00000000e+00   1.00000000e+00   3.29399435e-02   8.18744329e-06   6.98410693e-01   1.63732959e+00
 3.35000000e+00   0.00000000e+00   1.00000000e+00   3.53320428e-02  -2.81137934e-05   7.03033071e-01   1.63299024e+00
 3.36000000e+00   0.00000000e+00   1.00000000e+00   3.77732797e-02  -2.70492837e-05   7.08926012e-01   1.62976745e+00
 3.37000000e+00   0.00000000e+00   1.00000000e+00   4.02327546e-02   1.07773513e-05   7.14561541e-01   1.62783151e+00
 3.38000000e+00   0.00000000e+00   1.00000000e+00   4.27493287e-02   7.25934404e-05   7.19099617e-01   1.62690004e+00
 3.39000000e+00   0.00000000e+00   1.00000000e+00   4.53980413e-02   1.37754314e-04   7.22674002e-01   1.62638395e+00
 3.40000000e+00   0.00000000e+00   1.00000000e+00   4.82493543e-02   1.84545145e-04   7.26058731e-01   1.62551729e+00
 3.41000000e+00   0.00000000e+00   1.00000000e+00   5.13450339e-02   1.97266627e-04   7.30178509e-01   1.62360903e+00
 3.42000000e+00   0.00000000e+00   1.00000000e+00   5.46928613e-02   1.71413376e-04   7.35775711e-01   1.62028272e+00
 3.43000000e+00   0.00000000e+00   1.00000000e+00   5.82676894e-02   1.15244928e-04   7.43449156e-01   1.61574812e+00
 3.44000000e+00   0.00000000e+00   1.00000000e+00   6.20091546e-02   4.70748584e-05   7.53613007e-01   1.61071291e+00
 3.45000000e+00   0.00000000e+00   1.00000000e+00   6.58191649e-02  -1.08756020e-05   7.66270412e-01   1.60609069e+00
 3.46000000e+00   0.00000000e+00   1.00000000e+00   6.95712070e-02  -3.98778311e-05   7.80755074e-01   1.60261042e+00
 3.47000000e+00   0.00000000e+00   1.00000000e+00   7.31400653e-02  -3.07731917e-05   7.95603336e-01   1.60067698e+00
 3.48000000e+00   0.00000000e+00   1.00000000e+00   7.64455685e-02   1.31167600e-05   8.08932632e-01   1.60020335e+00
 3.49000000e+00   0.00000000e+00   1.00000000e+00   7.94875815e-02   7.70624229e-05   8.19182287e-01   1.60074667e+00
 3.50000000e+00   0.00000000e+00   1.00000000e+00   8.23466361e-02   1.39709358e-04   8.25914429e-01   1.60169141e+00
 3.51000000e+00   0.00000000e+00   1.00000000e+00   8.51432276e-02   1.80129045e-04   8.30000213e-01   1.60238363e+00
 3.52000000e+00   0.00000000e+00   1.00000000e+00   8.79778308e-02   1.84795147e-04   8.33119191e-01   1.60229732e+00
 3.53000000e+00   0.00000000e+00   1.00000000e+00   9.08884226e-02   1.52050185e-04   8.36879129e-01   1.60121123e+00
 3.54000000e+00   0.00000000e+00   1.00000000e+00   9.38482011e-02   9.25718795e-05   8.42085634e-01   1.59925799e+00
 3.55000000e+00   0.00000000e+00   1.00000000e+00   9.67954854e-02   2.58038385e-05   8.48631783e-01   1.59697252e+00
 3.56000000e+00   0.00000000e+00   1.00000000e+00   9.96685779e-02  -2.64050693e-05   8.55853443e-01   1.59505380e+00
 3.57000000e+00   0.00000000e+00   1.00000000e+00   1.02425261e-01  -4.69550131e-05   8.62996346e-01   1.59412571e+00
 3.58000000e+00   0.00000000e+00   1.00000000e+00   1.05047516e-01  -2.92035852e-05   8.69375568e-01   1.59445074e+00
 3.59000000e+00   0.00000000e+00   1.00000000e+00   1.07544234e-01   2.07609503e-05   8.74418297e-01   1.59588142e+00
 3.60000000e+00   0.00000000e+00   1.00000000e+00   1.09958753e-01   8.61961773e-05   8.77730054e-01   1.59787136e+00
 3.61000000e+00   0.00000000e+00   1.00000000e+00   1.12373968e-01   1.45347134e-04   8.79362684e-01   1.59970762e+00
 3.62000000e+00   0.00000000e+00   1.00000000e+00   1.14901197e-01   1.78613009e-04   8.80099488e-01   1.60073939e+00
 3.63000000e+00   0.00000000e+00   1.00000000e+00   1.17646786e-01   1.74910932e-04   8.81430729e-01   1.60056189e+00
 3.64000000e+00   0.00000000e+00   1.00000000e+00   1.20667302e-01   1.35293027e-04   8.85205877e-01   1.59914208e+00
 3.65000000e+00   0.00000000e+00   1.00000000e+00   1.23937665e-01   7.26487606e-05   8.92801078e-01   1.59696411e+00
 3.66000000e+00   0.00000000e+00   1.00000000e+00   1.27354740e-01   7.47301762e-06   9.04404391e-01   1.59453150e+00
 3.67000000e+00   0.00000000e+00   1.00000000e+00   1.30779051e-01  -3.89431334e-05   9.18858919e-01   1.59244753e+00
 3.68000000e+00   0.00000000e+00   1.00000000e+00   1.34091733e-01  -5.15746401e-05   9.34360631e-01   1.59132388e+00
 3.69000000e+00   0.00000000e+00   1.00000000e+00   1.37233320e-01  -2.65682007e-05   9.49075370e-01   1.59133434e+00
 3.70000000e+00   0.00000000e+00   1.00000000e+00   1.40205783e-01   2.75544386e-05   9.62046819e-01   1.59238223e+00
 3.71000000e+00   0.00000000e+00   1.00000000e+00   1.43046656e-01   9.26881995e-05   9.73223432e-01   1.59402826e+00
 3.72000000e+00   0.00000000e+00   1.00000000e+00   1.45799803e-01   1.47071752e-04   9.83078486e-01   1.59566481e+00
 3.73000000e+00   0.00000000e+00   1.00000000e+00   1.48499492e-01   1.72509315e-04   9.92223427e-01   1.59669202e+00
 3.74000000e+00   0.00000000e+00   1.00000000e+00   1.51165086e-01   1.60453733e-04   1.00129372e+00   1.59680300e+00
 3.75000000e+00   0.00000000e+00   1.00000000e+00   1.53794146e-01   1.14805298e-04   1.01096968e+00   1.59607280e+00
 3.76000000e+00   0.00000000e+00   1.00000000e+00   1.56350107e-01   5.05200488e-05   1.02186076e+00   1.59504154e+00
 3.77000000e+00   0.00000000e+00   1.00000000e+00   1.58755044e-01  -1.13682941e-05   1.03400093e+00   1.59435466e+00
 3.78000000e+00   0.00000000e+00   1.00000000e+00   1.60902302e-01  -5.06262857e-05   1.04653205e+00   1.59460378e+00
 3.79000000e+00   0.00000000e+00   1.00000000e+00   1.62692516e-01  -5.44433142e-05   1.05768301e+00   1.59604395e+00
 3.80000000e+00   0.00000000e+00   1.00000000e+00   1.64078539e-01  -2.16884090e-05   1.06549740e+00   1.59865699e+00
 3.81000000e+00   0.00000000e+00   1.00000000e+00   1.65094052e-01   3.66926743e-05   1.06876598e+00   1.60212045e+00
 3.82000000e+00   0.00000000e+00   1.00000000e+00   1.65846304e-01   1.01335940e-04   1.06768495e+00   1.60592578e+00
 3.83000000e+00   0.00000000e+00   1.00000000e+00   1.66474117e-01   1.50896183e-04   1.06379963e+00   1.60951372e+00
 3.84000000e+00   0.00000000e+00   1.00000000e+00   1.67094456e-01   1.69058395e-04   1.05921673e+00   1.61238613e+00
 3.85000000e+00   0.00000000e+00   1.00000000e+00   1.67767407e-01   1.49865628e-04   1.05571225e+00   1.61426017e+00
 3.86000000e+00   0.00000000e+00   1.00000000e+00   1.68494248e-01   9.96760005e-05   1.05420150e+00   1.61517014e+00
 3.87000000e+00   0.00000000e+00   1.00000000e+00   1.69239286e-01   3.50891688e-05   1.05477290e+00   1.61550459e+00
 3.88000000e+00   0.00000000e+00   1.00000000e+00   1.69954006e-01  -2.25263107e-05   1.05703754e+00   1.61587770e+00
 3.89000000e+00   0.00000000e+00   1.00000000e+00   1.70590545e-01  -5.41515668e-05   1.06040109e+00   1.61689697e+00
 3.90000000e+00   0.00000000e+00   1.00000000e+00   1.71108710e-01  -4.94358578e-05   1.06408605e+00   1.61889700e+00
 3.91000000e+00   0.00000000e+00   1.00000000e+00   1.71487349e-01  -1.00513243e-05   1.06714921e+00   1.62178682e+00
 3.92000000e+00   0.00000000e+00   1.00000000e+00   1.71740982e-01   5.09430294e-05   1.06877071e+00   1.62513781e+00
 3.93000000e+00   0.00000000e+00   1.00000000e+00   1.71928640e-01   1.13418266e-04   1.06875251e+00   1.62834039e+00
 3.94000000e+00   0.00000000e+00   1.00000000e+00   1.72139932e-01   1.56758444e-04   1.06783483e+00   1.63083725e+00
 3.95000000e+00   0.00000000e+00   1.00000000e+00   1.72457252e-01   1.66650041e-04   1.06758047e+00   1.63228901e+00
 3.96000000e+00   0.00000000e+00   1.00000000e+00   1.72911378e-01   1.39840140e-04   1.06971839e+00   1.63271015e+00
 3.97000000e+00   0.00000000e+00   1.00000000e+00   1.73456072e-01   8.52071623e-05   1.07523729e+00   1.63240929e+00
 3.98000000e+00   0.00000000e+00   1.00000000e+00   1.73978233e-01   2.07820747e-05   1.08384203e+00   1.63191978e+00
 3.99000000e+00   0.00000000e+00   1.00000000e+00   1.74339280e-01  -3.22257661e-05   1.09403009e+00   1.63187212e+00
 4.00000000e+00   0.00000000e+00   1.00000000e+00   1.74424589e-01  -5.63872644e-05   1.10373342e+00   1.63279281e+00
 4.01000000e+00   0.00000000e+00   1.00000000e+00   1.74174727e-01  -4.37683087e-05   1.11115586e+00   1.63494415e+00
 4.02000000e+00   0.00000000e+00   1.00000000e+00   1.73587299e-01   1.43586349e-06   1.11531910e+00   1.63825213e+00
 4.03000000e+00   0.00000000e+00   1.00000000e+00   1.72698903e-01   6.42714022e-05   1.11605002e+00   1.64230886e+00
 4.04000000e+00   0.00000000e+00   1.00000000e+00   1.71565441e-01   1.24001371e-04   1.11371345e+00   1.64650550e+00
 4.05000000e+00   0.00000000e+00   1.00000000e+00   1.70250188e-01   1.61004263e-04   1.10899258e+00   1.65021998e+00
 4.06000000e+00   0.00000000e+00   1.00000000e+00   1.68814374e-01   1.63238902e-04   1.10286473e+00   1.65307723e+00
 4.07000000e+00   0.00000000e+00   1.00000000e+00   1.67301314e-01   1.30155497e-04   1.09651694e+00   1.65507116e+00
 4.08000000e+00   0.00000000e+00   1.00000000e+00   1.65716090e-01   7.28454921e-05   1.09099809e+00   1.65656970e+00
 4.09000000e+00   0.00000000e+00   1.00000000e+00   1.64015711e-01   1.03958724e-05   1.08670607e+00   1.65817592e+00
 4.10000000e+00   0.00000000e+00   1.00000000e+00   1.62124297e-01  -3.64072047e-05   1.08301664e+00   1.66046220e+00
 4.11000000e+00   0.00000000e+00   1.00000000e+00   1.59972100e-01  -5.19632537e-05   1.07845234e+00   1.66374681e+00
 4.12000000e+00   0.00000000e+00   1.00000000e+00   1.57538969e-01  -3.10081140e-05   1.07144550e+00   1.66800898e+00
 4.13000000e+00   0.00000000e+00   1.00000000e+00   1.54876955e-01   1.97037080e-05   1.06129085e+00   1.67295518e+00
 4.14000000e+00   0.00000000e+00   1.00000000e+00   1.52098211e-01   8.36536854e-05   1.04844303e+00   1.67807154e+00
 4.15000000e+00   0.00000000e+00   1.00000000e+00   1.49335140e-01   1.39978192e-04   1.03439623e+00   1.68276753e+00
 4.16000000e+00   0.00000000e+00   1.00000000e+00   1.46695392e-01   1.70318338e-04   1.02081317e+00   1.68638540e+00
 4.17000000e+00   0.00000000e+00   1.00000000e+00   1.44234433e-01   1.64891768e-04   1.00918518e+00   1.68868014e+00
 4.18000000e+00   0.00000000e+00   1.00000000e+00   1.41953716e-01   1.25749145e-04   1.00025637e+00   1.68971383e+00
 4.19000000e+00   0.00000000e+00   1.00000000e+00   1.39815154e-01   6.60676260e-05   9.94166934e-01   1.68976463e+00
 4.20000000e+00   0.00000000e+00   1.00000000e+00   1.37756954e-01   5.74692809e-06   9.90646899e-01   1.68963797e+00
 4.21000000e+00   0.00000000e+00   1.00000000e+00   1.35704706e-01  -3.51684027e-05   9.89004804e-01   1.69002073e+00
 4.22000000e+00   0.00000000e+00   1.00000000e+00   1.33583563e-01  -4.30717355e-05   9.88229475e-01   1.69135748e+00
 4.23000000e+00   0.00000000e+00   1.00000000e+00   1.31338342e-01  -1.52557709e-05   9.87056115e-01   1.69370027e+00
 4.24000000e+00   0.00000000e+00   1.00000000e+00   1.28956713e-01   3.91983931e-05   9.84338134e-01   1.69669495e+00
 4.25000000e+00   0.00000000e+00   1.00000000e+00   1.26479281e-01   1.02428725e-04   9.79595756e-01   1.69976488e+00
 4.26000000e+00   0.00000000e+00   1.00000000e+00   1.23983037e-01   1.53707925e-04   9.73324548e-01   1.70233217e+00
 4.27000000e+00   0.00000000e+00   1.00000000e+00   1.21541444e-01   1.76297333e-04   9.66776164e-01   1.70397916e+00
 4.28000000e+00   0.00000000e+00   1.00000000e+00   1.19182047e-01   1.62951805e-04   9.61315996e-01   1.70462731e+00
 4.29000000e+00   0.00000000e+00   1.00000000e+00   1.16866144e-01   1.18276482e-04   9.57694612e-01   1.70450347e+00
 4.30000000e+00   0.00000000e+00   1.00000000e+00   1.14501772e-01   5.71976683e-05   9.55708324e-01   1.70416690e+00
 4.31000000e+00   0.00000000e+00   1.00000000e+00   1.11981182e-01   5.75608243e-08   9.54271636e-01   1.70428885e+00
 4.32000000e+00   0.00000000e+00   1.00000000e+00   1.09221138e-01  -3.40899153e-05   9.51910958e-01   1.70539123e+00
 4.33000000e+00   0.00000000e+00   1.00000000e+00   1.06186622e-01  -3.37853579e-05   9.47436201e-01   1.70775460e+00
 4.34000000e+00   0.00000000e+00   1.00000000e+00   1.02892767e-01   1.05040099e-06   9.40222909e-01   1.71128752e+00
 4.35000000e+00   0.00000000e+00   1.00000000e+00   9.93937841e-02   5.91237125e-05   9.30225247e-01   1.71555146e+00
 4.36000000e+00   0.00000000e+00   1.00000000e+00   9.57705093e-02   1.21517859e-04   9.17819103e-01   1.71984048e+00
 4.37000000e+00   0.00000000e+00   1.00000000e+00   9.21197110e-02   1.67934695e-04   9.03759862e-01   1.72343789e+00
 4.38000000e+00   0.00000000e+00   1.00000000e+00   8.85391059e-02   1.83396558e-04   8.89110683e-01   1.72583540e+00
 4.39000000e+00   0.00000000e+00   1.00000000e+00   8.51035846e-02   1.63176435e-04   8.75117166e-01   1.72688927e+00
 4.40000000e+00   0.00000000e+00   1.00000000e+00   8.18400280e-02   1.14315902e-04   8.62893358e-01   1.72689087e+00
 4.41000000e+00   0.00000000e+00   1.00000000e+00   7.87176727e-02   5.32720679e-05   8.52965006e-01   1.72641706e+00
 4.42000000e+00   0.00000000e+00   1.00000000e+00   7.56662595e-02   4.79894327e-07   8.45024231e-01   1.72612140e+00
 4.43000000e+00   0.00000000e+00   1.00000000e+00   7.26165904e-02  -2.63876296e-05   8.38041458e-01   1.72647170e+00
 4.44000000e+00   0.00000000e+00   1.00000000e+00   6.95417600e-02  -1.82397604e-05   8.30811789e-01   1.72763204e+00
 4.45000000e+00   0.00000000e+00   1.00000000e+00   6.64757552e-02   2.24474637e-05   8.22552055e-01   1.72935995e+00
 4.46000000e+00   0.00000000e+00   1.00000000e+00   6.35004564e-02   8.24484033e-05   8.13258804e-01   1.73119485e+00
 4.47000000e+00   0.00000000e+00   1.00000000e+00   6.07111755e-02   1.42148338e-04   8.03595982e-01   1.73251627e+00
 4.48000000e+00   0.00000000e+00   1.00000000e+00   5.81811021e-02   1.82033391e-04   7.94553723e-01   1.73279561e+00
 4.49000000e+00   0.00000000e+00   1.00000000e+00   5.59408938e-02   1.89134140e-04   7.87034469e-01   1.73168592e+00
 4.50000000e+00   0.00000000e+00   1.00000000e+00   5.39763283e-02   1.61292771e-04   7.81633689e-01   1.72923822e+00
 4.51000000e+00   0.00000000e+00   1.00000000e+00   5.22360078e-02   1.07855361e-04   7.78571225e-01   1.72593035e+00
 4.52000000e+00   0.00000000e+00   1.00000000e+00   5.06406580e-02   4.65750994e-05   7.77693019e-01   1.72247345e+00
 4.53000000e+00   0.00000000e+00   1.00000000e+00   4.90935837e-02  -2.24415448e-06   7.78461285e-01   1.71961144e+00
 4.54000000e+00   0.00000000e+00   1.00000000e+00   4.74981776e-02  -2.24446220e-05   7.79929592e-01   1.71785365e+00
 4.55000000e+00   0.00000000e+00   1.00000000e+00   4.57845705e-02  -7.33827733e-06   7.80871364e-01   1.71732344e+00
 4.56000000e+00   0.00000000e+00   1.00000000e+00   4.39357796e-02   3.81105229e-05   7.80145845e-01   1.71774528e+00
 4.57000000e+00   0.00000000e+00   1.00000000e+00   4.19961685e-02   9.89542973e-05   7.77167298e-01   1.71855541e+00
 4.58000000e+00   0.00000000e+00   1.00000000e+00   4.00515806e-02   1.55213181e-04   7.72185535e-01   1.71914276e+00
 4.59000000e+00   0.00000000e+00   1.00000000e+00   3.81883057e-02   1.88456251e-04   7.66152921e-01   1.71898037e+00
 4.60000000e+00   0.00000000e+00   1.00000000e+00   3.64529661e-02   1.87855730e-04   7.60256424e-01   1.71782533e+00
 4.61000000e+00   0.00000000e+00   1.00000000e+00   3.48351864e-02   1.53761584e-04   7.55375425e-01   1.71577096e+00
 4.62000000e+00   0.00000000e+00   1.00000000e+00   3.32799133e-02   9.75996839e-05   7.51724826e-01   1.71323627e+00
 4.63000000e+00   0.00000000e+00   1.00000000e+00   3.17184659e-02   3.80790410e-05   7.48890530e-01   1.71080625e+00
 4.64000000e+00   0.00000000e+00   1.00000000e+00   3.00995162e-02  -5.00811167e-06   7.46123773e-01   1.70903966e+00
 4.65000000e+00   0.00000000e+00   1.00000000e+00   2.84067785e-02  -1.73223197e-05   7.42692345e-01   1.70825028e+00
 4.66000000e+00   0.00000000e+00   1.00000000e+00   2.66622438e-02   5.31137821e-06   7.38097818e-01   1.70840690e+00
 4.67000000e+00   0.00000000e+00   1.00000000e+00   2.49218750e-02   5.55389524e-05   7.32131244e-01   1.70911950e+00
 4.68000000e+00   0.00000000e+00   1.00000000e+00   2.32693019e-02   1.16904683e-04   7.24875773e-01   1.70976517e+00
 4.69000000e+00   0.00000000e+00   1.00000000e+00   2.18056698e-02   1.69287717e-04   7.16734845e-01   1.70967633e+00
 4.70000000e+00   0.00000000e+00   1.00000000e+00   2.06300511e-02   1.95543959e-04   7.08470472e-01   1.70835681e+00
 4.71000000e+00   0.00000000e+00   1.00000000e+00   1.98107169e-02   1.87154063e-04   7.01130563e-01   1.70565023e+00
 4.72000000e+00   0.00000000e+00   1.00000000e+00   1.93588646e-02   1.46998451e-04   6.95780831e-01   1.70179689e+00
 4.73000000e+00   0.00000000e+00   1.00000000e+00   1.92218592e-02   8.83696111e-05   6.93080754e-01   1.69731908e+00
 4.74000000e+00   0.00000000e+00   1.00000000e+00   1.93048408e-02   3.05995445e-05   6.92939843e-01   1.69287062e+00
 4.75000000e+00   0.00000000e+00   1.00000000e+00   1.95119500e-02  -7.29009783e-06   6.94514864e-01   1.68900891e+00
 4.76000000e+00   0.00000000e+00   1.00000000e+00   1.97851644e-02  -1.28719448e-05   6.96621720e-01   1.68603070e+00
 4.77000000e+00   0.00000000e+00   1.00000000e+00   2.01205948e-02   1.55702310e-05   6.98283391e-01   1.68389850e+00
 4.78000000e+00   0.00000000e+00   1.00000000e+00   2.05572494e-02   6.84953855e-05   6.99112526e-01   1.68229137e+00
 4.79000000e+00   0.00000000e+00   1.00000000e+00   2.11494985e-02   1.28289792e-04   6.99323919e-01   1.68069645e+00
 4.80000000e+00   0.00000000e+00   1.00000000e+00   2.19401836e-02   1.75091466e-04   6.99501094e-01   1.67858834e+00
 4.81000000e+00   0.00000000e+00   1.00000000e+00   2.29449091e-02   1.93335822e-04   7.00305446e-01   1.67561142e+00
 4.82000000e+00   0.00000000e+00   1.00000000e+00   2.41473501e-02   1.76886075e-04   7.02274986e-01   1.67171190e+00
 4.83000000e+00   0.00000000e+00   1.00000000e+00   2.54999232e-02   1.31057770e-04   7.05733761e-01   1.66723953e+00
 4.84000000e+00   0.00000000e+00   1.00000000e+00   2.69271371e-02   7.08547518e-05   7.10689414e-01   1.66275137e+00
 4.85000000e+00   0.00000000e+00   1.00000000e+00   2.83353432e-02   1.60058148e-05   7.16739832e-01   1.65886008e+00
 4.86000000e+00   0.00000000e+00   1.00000000e+00   2.96338956e-02  -1.55532794e-05   7.23013461e-01   1.65600116e+00
 4.87000000e+00   0.00000000e+00   1.00000000e+00   3.07651923e-02  -1.35772454e-05   7.28336288e-01   1.65430952e+00
 4.88000000e+00   0.00000000e+00   1.00000000e+00   3.17303722e-02   2.11405940e-05   7.31640996e-01   1.65359267e+00
 4.89000000e+00   0.00000000e+00   1.00000000e+00   3.25940669e-02   7.70161284e-05   7.32432114e-01   1.65341480e+00
 4.90000000e+00   0.00000000e+00   1.00000000e+00   3.34612701e-02   1.35487328e-04   7.31031252e-01   1.65322744e+00
 4.91000000e+00   0.00000000e+00   1.00000000e+00   3.44363807e-02   1.77176808e-04   7.28439511e-01   1.65252095e+00
 4.92000000e+00   0.00000000e+00   1.00000000e+00   3.55858979e-02   1.88298907e-04   7.25901389e-01   1.65096633e+00
 4.93000000e+00   0.00000000e+00   1.00000000e+00   3.69230596e-02   1.65179474e-04   7.24407623e-01   1.64851193e+00
 4.94000000e+00   0.00000000e+00   1.00000000e+00   3.84178033e-02   1.15414919e-04   7.24390239e-01   1.64541397e+00
 4.95000000e+00   0.00000000e+00   1.00000000e+00   4.00209689e-02   5.53517249e-05   7.25720425e-01   1.64214977e+00
 4.96000000e+00   0.00000000e+00   1.00000000e+00   4.16877612e-02   4.72234800e-06   7.27923234e-01   1.63923954e+00
 4.97000000e+00   0.00000000e+00   1.00000000e+00   4.33923222e-02  -1.98648481e-05   7.30422125e-01   1.63705915e+00
 4.98000000e+00   0.00000000e+00   1.00000000e+00   4.51344716e-02  -1.04401401e-05   7.32690363e-01   1.63566679e+00
 4.99000000e+00   0.00000000e+00   1.00000000e+00   4.69428089e-02   2.96878832e-05   7.34368756e-01   1.63484978e+00
 5.00000000e+00   0.00000000e+00   1.00000000e+00   4.88742201e-02   8.70678260e-05   7.35362909e-01   1.63415791e+00