  Time  Coordinate0  Coordinate1  Displacement0  Displacement1  Force0  Force1
 0.00000000e+00   0.00000000e+00   1.00000000e+00   0.00000000e+00   0.00000000e+00   2.29427968e+00  -3.02282515e-14
 2.00000000e-02   0.00000000e+00   1.00000000e+00   1.96944161e-03   1.01527069e-04   1.09322949e+00   2.71535217e+00
 4.00000000e-02   0.00000000e+00   1.00000000e+00   4.86670236e-03   2.17911996e-04   8.82405594e-01   2.68421169e+00
 6.00000000e-02   0.00000000e+00   1.00000000e+00   7.22820579e-03   2.67600663e-04   7.76562568e-01   2.51286767e+00
 8.00000000e-02   0.00000000e+00   1.00000000e+00   1.18017459e-02   1.24890730e-04   7.15580829e-01   2.19156164e+00
 1.00000000e-01   0.00000000e+00   1.00000000e+00   1.91230777e-02  -2.48596544e-05   7.21873989e-01   2.27067029e+00
 1.20000000e-01   0.00000000e+00   1.00000000e+00   2.76451628e-02   2.69712849e-05   7.39778674e-01   2.20532652e+00
 1.40000000e-01   0.00000000e+00   1.00000000e+00   3.63172641e-02   1.61348684e-04   7.82996994e-01   2.12519997e+00
 1.60000000e-01   0.00000000e+00   1.00000000e+00   4.49883469e-02   2.48786548e-04   8.03503895e-01   2.10153186e+00
 1.80000000e-01   0.00000000e+00   1.00000000e+00   5.19473359e-02   1.23771667e-04   7.83060728e-01   1.99373584e+00
 2.00000000e-01   0.00000000e+00   1.00000000e+00   6.10088507e-02  -1.41413637e-05   8.18507755e-01   2.00993272e+00
 2.20000000e-01   0.00000000e+00   1.00000000e+00   6.99049817e-02  -4.22471839e-05   8.62618757e-01   1.96629393e+00
 2.40000000e-01   0.00000000e+00   1.00000000e+00   7.75548216e-02   1.03278317e-04   8.79217654e-01   1.91139943e+00
 2.60000000e-01   0.00000000e+00   1.00000000e+00   8.33293009e-02   2.17095431e-04   8.60753347e-01   1.88782309e+00
 2.80000000e-01   0.00000000e+00   1.00000000e+00   8.89720785e-02   1.23515209e-04   8.68784383e-01   1.83719220e+00
 3.00000000e-01   0.00000000e+00   1.00000000e+00   9.48390276e-02  -6.35896894e-07   8.36923935e-01   1.81698443e+00
 3.20000000e-01   0.00000000e+00   1.00000000e+00   1.03251218e-01  -8.17982815e-05   8.89198080e-01   1.87226790e+00
 3.40000000e-01   0.00000000e+00   1.00000000e+00   1.11145251e-01   5.88528154e-05   8.97152337e-01   1.85577056e+00
 3.60000000e-01   0.00000000e+00   1.00000000e+00   1.18422211e-01   1.94846510e-04   9.33587753e-01   1.82421948e+00
 3.80000000e-01   0.00000000e+00   1.00000000e+00   1.26554449e-01   1.58464577e-04   9.47577948e-01   1.84134356e+00
 4.00000000e-01   0.00000000e+00   1.00000000e+00   1.34880934e-01   1.11636458e-05   9.78635119e-01   1.83360522e+00
 4.20000000e-01   0.00000000e+00   1.00000000e+00   1.44447810e-01  -8.80413942e-05   1.02480716e+00   1.84408196e+00
 4.40000000e-01   0.00000000e+00   1.00000000e+00   1.54000109e-01   3.30081309e-05   1.12243924e+00   1.85685851e+00
 4.60000000e-01   0.00000000e+00   1.00000000e+00   1.61251649e-01   1.59692116e-04   1.14897626e+00   1.80663534e+00
 4.80000000e-01   0.00000000e+00   1.00000000e+00   1.66016859e-01   1.91497451e-04   1.11213630e+00   1.74742388e+00
 5.00000000e-01   0.00000000e+00   1.00000000e+00   1.71379921e-01   3.82993076e-05   1.13598181e+00   1.74476499e+00
 5.20000000e-01   0.00000000e+00   1.00000000e+00   1.75472855e-01  -8.39366056e-05   1.12282705e+00   1.71342739e+00
 5.40000000e-01   0.00000000e+00   1.00000000e+00   1.79726241e-01  -1.19971600e-05   1.16246826e+00   1.72022226e+00
 5.60000000e-01   0.00000000e+00   1.00000000e+00   1.81876994e-01   1.25201028e-04   1.15205037e+00   1.69627116e+00
 5.80000000e-01   0.00000000e+00   1.00000000e+00   1.82605378e-01   2.03799412e-04   1.12495842e+00   1.65946832e+00
 6.00000000e-01   0.00000000e+00   1.00000000e+00   1.83757869e-01   5.41500309e-05   1.08659284e+00   1.66656577e+00
 6.20000000e-01   0.00000000e+00   1.00000000e+00   1.86762800e-01  -7.39276111e-05   1.11696693e+00   1.70020460e+00
 6.40000000e-01   0.00000000e+00   1.00000000e+00   1.89395483e-01  -5.63675417e-05   1.12898140e+00   1.69099502e+00
 6.60000000e-01   0.00000000e+00   1.00000000e+00   1.92403352e-01   8.78804359e-05   1.19388229e+00   1.71821073e+00
 6.80000000e-01   0.00000000e+00   1.00000000e+00   1.93740544e-01   1.95718821e-04   1.18499873e+00   1.69622785e+00
 7.00000000e-01   0.00000000e+00   1.00000000e+00   1.93957578e-01   8.61123401e-05   1.16596238e+00   1.65803819e+00
 7.20000000e-01   0.00000000e+00   1.00000000e+00   1.95393796e-01  -5.07897375e-05   1.19527627e+00   1.67483273e+00
 7.40000000e-01   0.00000000e+00   1.00000000e+00   1.96074596e-01  -9.08095564e-05   1.23903080e+00   1.66626331e+00
 7.60000000e-01   0.00000000e+00   1.00000000e+00   1.94509604e-01   7.31360329e-05   1.21012197e+00   1.63370815e+00
 7.80000000e-01   0.00000000e+00   1.00000000e+00   1.90743607e-01   1.87631602e-04   1.17995583e+00   1.58355816e+00
 8.00000000e-01   0.00000000e+00   1.00000000e+00   1.85710396e-01   1.28885535e-04   1.13483209e+00   1.55806705e+00
 8.20000000e-01   0.00000000e+00   1.00000000e+00   1.80212517e-01  -5.22224293e-06   1.09630503e+00   1.55388634e+00
 8.40000000e-01   0.00000000e+00   1.00000000e+00   1.76304509e-01  -9.30416900e-05   1.09729296e+00   1.59572130e+00
 8.60000000e-01   0.00000000e+00   1.00000000e+00   1.70454763e-01   4.91443388e-05   1.06825690e+00   1.56168677e+00
 8.80000000e-01   0.00000000e+00   1.00000000e+00   1.64471085e-01   1.81522612e-04   1.05413849e+00   1.56591676e+00
 9.00000000e-01   0.00000000e+00   1.00000000e+00   1.58370580e-01   1.78866312e-04   1.00594148e+00   1.56558668e+00
 9.20000000e-01   0.00000000e+00   1.00000000e+00   1.53251402e-01   1.81310624e-05   9.91572791e-01   1.57617195e+00
 9.40000000e-01   0.00000000e+00   1.00000000e+00   1.49272657e-01  -8.45965257e-05   9.82278403e-01   1.59101152e+00
 9.60000000e-01   0.00000000e+00   1.00000000e+00   1.46104241e-01   1.69064160e-05   1.04551442e+00   1.61992248e+00
 9.80000000e-01   0.00000000e+00   1.00000000e+00   1.40176014e-01   1.49676998e-04   1.00523103e+00   1.56511854e+00
 1.00000000e+00   0.00000000e+00   1.00000000e+00   1.33590735e-01   2.02146955e-04   9.91535815e-01   1.54031319e+00